iterations 10 | time 20 | threads 500 | depth 1500 | governor powersave
Relative amounts of jobs
[14.61925, 10.57719, 10.78071, 9.57657, 8.10108, 7.66013, 7.53576, 8.27633, 7.75623, 7.59794, 7.5188]
Relative amounts of events
[0.0, 3.48515, 6.53838, 9.30133, 11.10255, 11.93295, 11.7412, 11.41095, 11.51117, 11.50979, 11.46652]
Total amounts of jobs
[2586.0, 1871.0, 1907.0, 1694.0, 1433.0, 1355.0, 1333.0, 1464.0, 1372.0, 1344.0, 1330.0]
Total amounts of events
[0.0, 83616573.0, 156870644.0, 223160032.0, 266375340.0, 286298530.0, 281697910.0, 273774442.0, 276179154.0, 276146037.0, 275107777.0]
Events to Jobs
jobs = -3.874961757397789e-06 * events + 245.32646089511525
r^2 = 0.9215708377331226
Probes to Jobs
jobs = -9.59363636363636 * probes + 208.7772727272727
r^2 = 0.6641017690030326
Probes to Events
events = 2381939.6918181814 * probes + 9901450.986363638
r^2 = 0.6670152633175022
All jobs
[260.0, 192.0, 193.0, 169.0, 142.0, 138.0, 131.0, 147.0, 136.0, 132.0, 137.0, 259.0, 192.0, 190.0, 170.0, 143.0, 135.0, 135.0, 147.0, 137.0, 139.0, 136.0, 256.0, 180.0, 190.0, 171.0, 145.0, 135.0, 133.0, 144.0, 140.0, 137.0, 135.0, 258.0, 191.0, 190.0, 174.0, 144.0, 132.0, 135.0, 144.0, 138.0, 133.0, 131.0, 257.0, 183.0, 187.0, 168.0, 145.0, 138.0, 134.0, 150.0, 134.0, 132.0, 135.0, 260.0, 183.0, 194.0, 169.0, 146.0, 137.0, 135.0, 143.0, 137.0, 134.0, 132.0, 259.0, 191.0, 197.0, 168.0, 144.0, 137.0, 130.0, 142.0, 135.0, 140.0, 134.0, 258.0, 184.0, 192.0, 164.0, 139.0, 131.0, 135.0, 151.0, 137.0, 131.0, 127.0, 260.0, 188.0, 190.0, 169.0, 141.0, 135.0, 133.0, 147.0, 141.0, 128.0, 131.0, 259.0, 187.0, 184.0, 172.0, 144.0, 137.0, 132.0, 149.0, 137.0, 138.0, 132.0]
All events
[0.0, 8328142.0, 15489349.0, 22339143.0, 26556168.0, 28638264.0, 28213779.0, 27381991.0, 27816779.0, 27709639.0, 27481421.0, 0.0, 8426863.0, 15636672.0, 22417384.0, 26424046.0, 28794548.0, 28255421.0, 27360303.0, 27730148.0, 27516362.0, 27436165.0, 0.0, 8378363.0, 15967992.0, 22224696.0, 26524207.0, 28500557.0, 28425364.0, 27445245.0, 27633140.0, 27494706.0, 27527528.0, 0.0, 8319611.0, 15710109.0, 22031113.0, 26787256.0, 28375851.0, 28195171.0, 27446712.0, 27723133.0, 27708138.0, 27101013.0, 0.0, 8394383.0, 15765452.0, 22354795.0, 26529034.0, 28654837.0, 27870216.0, 27453445.0, 27326873.0, 27609758.0, 27687817.0, 0.0, 8402196.0, 15696587.0, 22431295.0, 26896856.0, 28555976.0, 28131977.0, 27403644.0, 27550147.0, 27660250.0, 27454124.0, 0.0, 8425597.0, 15905707.0, 22298717.0, 26746535.0, 28674666.0, 28141868.0, 26971796.0, 27841189.0, 27735282.0, 27776036.0, 0.0, 8353034.0, 15534259.0, 22252195.0, 26701729.0, 28806066.0, 28166323.0, 27571960.0, 27740500.0, 27571496.0, 27370579.0, 0.0, 8287762.0, 15652321.0, 22483808.0, 26561946.0, 28538428.0, 28132587.0, 27303667.0, 27583228.0, 27438383.0, 27538206.0, 0.0, 8300622.0, 15512196.0, 22326886.0, 26647563.0, 28759337.0, 28165204.0, 27435679.0, 27234017.0, 27702023.0, 27734888.0]
