iterations 10 | time 20 | threads 500 | depth 1500 | governor powersave
Relative amounts of jobs
[16.11703, 12.70757, 9.53533, 9.13531, 8.41434, 8.09805, 7.84223, 7.4329, 7.19103, 6.898, 6.62822]
Relative amounts of events
[0.0, 4.78985, 8.43397, 9.62184, 10.5482, 10.96488, 11.08139, 11.1307, 11.14075, 11.11965, 11.16876]
Total amounts of jobs
[3465.0, 2732.0, 2050.0, 1964.0, 1809.0, 1741.0, 1686.0, 1598.0, 1546.0, 1483.0, 1425.0]
Total amounts of events
[0.0, 101301680.0, 178371981.0, 203494504.0, 223086203.0, 231898752.0, 234362905.0, 235405795.0, 235618319.0, 235171978.0, 236210646.0]
Events to Jobs
jobs = -8.073154542173472e-06 * events + 350.66453009508655
r^2 = 0.9739056672681377
Probes to Jobs
jobs = -15.966363636363628 * probes + 275.2772727272727
r^2 = 0.7303308905309985
Probes to Events
events = 1784884.2909090905 * probes + 10302149.118181821
r^2 = 0.6107977261641127
All jobs
[347.0, 269.0, 207.0, 195.0, 183.0, 179.0, 166.0, 159.0, 148.0, 148.0, 143.0, 347.0, 274.0, 208.0, 197.0, 183.0, 171.0, 173.0, 159.0, 155.0, 143.0, 144.0, 347.0, 272.0, 204.0, 199.0, 179.0, 177.0, 170.0, 157.0, 152.0, 144.0, 141.0, 346.0, 272.0, 205.0, 198.0, 181.0, 174.0, 169.0, 161.0, 154.0, 157.0, 142.0, 347.0, 273.0, 205.0, 195.0, 177.0, 177.0, 162.0, 161.0, 159.0, 153.0, 139.0, 346.0, 274.0, 203.0, 199.0, 181.0, 174.0, 171.0, 162.0, 154.0, 146.0, 144.0, 346.0, 275.0, 202.0, 195.0, 179.0, 174.0, 171.0, 164.0, 154.0, 144.0, 139.0, 347.0, 271.0, 209.0, 196.0, 181.0, 167.0, 171.0, 158.0, 159.0, 149.0, 140.0, 346.0, 276.0, 205.0, 196.0, 182.0, 178.0, 163.0, 157.0, 160.0, 147.0, 150.0, 346.0, 276.0, 202.0, 194.0, 183.0, 170.0, 170.0, 160.0, 151.0, 152.0, 143.0]
All events
[0.0, 10084257.0, 17867909.0, 20263084.0, 22324766.0, 23113124.0, 23544530.0, 23559826.0, 23387993.0, 23588292.0, 23504394.0, 0.0, 10101679.0, 17902795.0, 20241362.0, 22274604.0, 23216074.0, 23428834.0, 23608348.0, 23494766.0, 23446843.0, 23655413.0, 0.0, 10107687.0, 17729958.0, 20384505.0, 22429871.0, 23075727.0, 23452362.0, 23494581.0, 23729758.0, 23524929.0, 23563156.0, 0.0, 10023129.0, 17904929.0, 20468056.0, 22216499.0, 23163169.0, 23307858.0, 23733973.0, 23444347.0, 23609502.0, 23612235.0, 0.0, 10166226.0, 17945621.0, 20275711.0, 22269166.0, 23099211.0, 23564830.0, 23556995.0, 23739867.0, 23313496.0, 23602679.0, 0.0, 10150045.0, 17640793.0, 20555236.0, 22263857.0, 23067108.0, 23425767.0, 23549672.0, 23465872.0, 23566809.0, 23701909.0, 0.0, 10163927.0, 17919315.0, 20265234.0, 22320640.0, 23340614.0, 23238113.0, 23451390.0, 23586185.0, 23598554.0, 23701617.0, 0.0, 10088053.0, 17826758.0, 20164015.0, 22335698.0, 23268244.0, 23565390.0, 23491820.0, 23782472.0, 23512322.0, 23639314.0, 0.0, 10154752.0, 17718446.0, 20363109.0, 22385965.0, 23317454.0, 23415564.0, 23571127.0, 23539535.0, 23569782.0, 23586128.0, 0.0, 10261925.0, 17915457.0, 20514192.0, 22265137.0, 23238027.0, 23419657.0, 23388063.0, 23447524.0, 23441449.0, 23643801.0]
