iterations 10 | time 20 | threads 500 | depth 1500 | governor X
Relative amounts of jobs
[40.73182, 8.37747, 9.77371, 7.84786, 6.59605, 5.44054, 5.44054, 4.86278, 4.14059, 3.56283, 3.22581]
Relative amounts of events
[0.0, 3.85204, 5.28764, 7.10654, 8.82128, 9.7558, 11.72789, 13.02453, 13.30869, 13.47271, 13.64288]
Total amounts of jobs
[846.0, 174.0, 203.0, 163.0, 137.0, 113.0, 113.0, 101.0, 86.0, 74.0, 67.0]
Total amounts of events
[0.0, 4863763.0, 6676410.0, 8973041.0, 11138144.0, 12318112.0, 14808156.0, 16445359.0, 16804154.0, 17011247.0, 17226118.0]
Events to Jobs
jobs = -1.694410399286007e-05 * events + 38.33126260348088
r^2 = 0.25913035543664487
Probes to Jobs
jobs = -4.358181818181818 * probes + 40.67272727272727
r^2 = 0.3637289566406021
Probes to Events
events = 167016.73272727273 * probes + 312775.4636363636
r^2 = 0.5918424073430228
All jobs
[93.0, 23.0, 23.0, 18.0, 16.0, 13.0, 12.0, 11.0, 10.0, 9.0, 7.0, 92.0, 18.0, 22.0, 19.0, 13.0, 13.0, 12.0, 12.0, 9.0, 9.0, 9.0, 94.0, 18.0, 22.0, 20.0, 15.0, 10.0, 13.0, 11.0, 10.0, 8.0, 8.0, 95.0, 18.0, 23.0, 18.0, 14.0, 12.0, 13.0, 11.0, 10.0, 8.0, 8.0, 91.0, 21.0, 21.0, 17.0, 15.0, 14.0, 12.0, 11.0, 9.0, 9.0, 8.0, 94.0, 19.0, 24.0, 17.0, 15.0, 13.0, 12.0, 11.0, 9.0, 9.0, 9.0, 92.0, 18.0, 21.0, 17.0, 14.0, 14.0, 13.0, 10.0, 9.0, 9.0, 8.0, 93.0, 18.0, 20.0, 18.0, 15.0, 11.0, 12.0, 11.0, 10.0, 9.0, 8.0, 94.0, 19.0, 25.0, 17.0, 14.0, 12.0, 13.0, 12.0, 9.0, 3.0, 1.0, 8.0, 2.0, 2.0, 2.0, 6.0, 1.0, 1.0, 1.0, 1.0, 1.0, 1.0]
All events
[0.0, 504315.0, 742517.0, 997861.0, 1234702.0, 1342031.0, 1537353.0, 1800713.0, 1956482.0, 2161774.0, 1827637.0, 0.0, 540244.0, 702954.0, 960394.0, 1132009.0, 1404096.0, 1591290.0, 1875258.0, 1716544.0, 2036322.0, 2300240.0, 0.0, 542342.0, 725784.0, 1030991.0, 1191748.0, 1133084.0, 1671309.0, 1762740.0, 1874599.0, 1855428.0, 2037119.0, 0.0, 527824.0, 752570.0, 1000717.0, 1101524.0, 1350451.0, 1702997.0, 1779974.0, 1951273.0, 1820318.0, 2050845.0, 0.0, 516550.0, 701342.0, 940444.0, 1236386.0, 1502220.0, 1550648.0, 1776786.0, 1774919.0, 2063137.0, 2000522.0, 0.0, 542506.0, 734194.0, 969449.0, 1194290.0, 1373848.0, 1576807.0, 1785404.0, 1839058.0, 1983434.0, 2314120.0, 0.0, 557194.0, 716665.0, 935301.0, 1121415.0, 1506538.0, 1689737.0, 1688209.0, 1766109.0, 1997522.0, 2081399.0, 0.0, 536595.0, 718234.0, 981119.0, 1202084.0, 1238845.0, 1599452.0, 1759647.0, 1904429.0, 2070172.0, 2076108.0, 0.0, 531561.0, 748397.0, 966700.0, 1142678.0, 1330815.0, 1694909.0, 1944110.0, 1784568.0, 800494.0, 253187.0, 0.0, 64632.0, 133753.0, 190065.0, 581308.0, 136184.0, 193654.0, 272518.0, 236173.0, 222646.0, 284941.0]
