iterations 10 | time 20 | threads 500 | depth 1500 | governor powersave
Relative amounts of jobs
[22.58236, 17.18916, 15.06376, 9.26541, 7.53852, 6.6618, 5.60574, 4.86849, 4.16445, 3.69288, 3.36743]
Relative amounts of events
[0.0, 4.99806, 6.358, 8.95106, 10.01311, 10.46584, 11.02911, 11.50963, 12.01795, 12.20191, 12.45533]
Total amounts of jobs
[3400.0, 2588.0, 2268.0, 1395.0, 1135.0, 1003.0, 844.0, 733.0, 627.0, 556.0, 507.0]
Total amounts of events
[0.0, 73348673.0, 93306455.0, 131360744.0, 146946656.0, 153590800.0, 161856927.0, 168908753.0, 176368594.0, 179068351.0, 182787371.0]
Events to Jobs
jobs = -1.6840604090721505e-05 * events + 361.54832823150394
r^2 = 0.9834635045058201
Probes to Jobs
jobs = -26.482727272727264 * probes + 269.2863636363636
r^2 = 0.8342793714769874
Probes to Events
events = 1523643.8845454543 * probes + 5723083.522727273
r^2 = 0.7963612484916736
All jobs
[340.0, 259.0, 227.0, 139.0, 114.0, 106.0, 87.0, 74.0, 65.0, 53.0, 51.0, 340.0, 259.0, 226.0, 140.0, 113.0, 99.0, 85.0, 75.0, 63.0, 54.0, 50.0, 340.0, 258.0, 227.0, 139.0, 110.0, 103.0, 82.0, 72.0, 62.0, 56.0, 51.0, 340.0, 259.0, 228.0, 138.0, 115.0, 101.0, 85.0, 77.0, 62.0, 56.0, 49.0, 340.0, 259.0, 231.0, 136.0, 116.0, 98.0, 89.0, 74.0, 61.0, 59.0, 53.0, 340.0, 258.0, 227.0, 139.0, 114.0, 102.0, 81.0, 69.0, 66.0, 57.0, 52.0, 340.0, 259.0, 229.0, 139.0, 110.0, 99.0, 86.0, 71.0, 63.0, 55.0, 50.0, 340.0, 259.0, 224.0, 139.0, 114.0, 98.0, 81.0, 74.0, 61.0, 53.0, 50.0, 340.0, 259.0, 225.0, 144.0, 117.0, 98.0, 83.0, 71.0, 62.0, 58.0, 50.0, 340.0, 259.0, 224.0, 142.0, 112.0, 99.0, 85.0, 76.0, 62.0, 55.0, 51.0]
All events
[0.0, 7350944.0, 9254895.0, 13136323.0, 14704319.0, 15336247.0, 15917145.0, 16794748.0, 17543002.0, 18069223.0, 17928214.0, 0.0, 7338266.0, 9309779.0, 13014029.0, 14743860.0, 15265746.0, 16083447.0, 16866930.0, 17550060.0, 18357422.0, 17984194.0, 0.0, 7313186.0, 9360138.0, 13156964.0, 14691158.0, 15197857.0, 16260187.0, 16946250.0, 17664244.0, 17892626.0, 18228995.0, 0.0, 7341705.0, 9307573.0, 13307373.0, 14579560.0, 15228909.0, 16021538.0, 16837677.0, 17499430.0, 18156565.0, 18052587.0, 0.0, 7329195.0, 9252610.0, 13246765.0, 14614889.0, 15506123.0, 16114085.0, 17056274.0, 17585135.0, 17676897.0, 18551768.0, 0.0, 7324514.0, 9375997.0, 13067441.0, 14812701.0, 15343548.0, 16526143.0, 16763207.0, 17634710.0, 17642889.0, 18267963.0, 0.0, 7342631.0, 9345545.0, 13210953.0, 14798900.0, 15315210.0, 16172510.0, 16934335.0, 17555314.0, 17873996.0, 18653425.0, 0.0, 7334277.0, 9392448.0, 13098698.0, 14597890.0, 15403509.0, 16492254.0, 16807833.0, 17667080.0, 18023753.0, 18366192.0, 0.0, 7335970.0, 9354222.0, 13108661.0, 14618717.0, 15549517.0, 16202316.0, 17024616.0, 17924452.0, 17473459.0, 18477564.0, 0.0, 7337985.0, 9353248.0, 13013537.0, 14784662.0, 15444134.0, 16067302.0, 16876883.0, 17745167.0, 17901521.0, 18276469.0]
