iterations 10 | time 20 | threads 500 | depth 1500 | governor performance
Relative amounts of jobs
[22.76682, 17.16145, 15.04284, 9.14525, 7.53138, 6.66135, 5.50574, 4.86153, 4.13761, 3.79226, 3.39377]
Relative amounts of events
[0.0, 4.95954, 6.36497, 9.00634, 9.96629, 10.46101, 11.07283, 11.54062, 11.93832, 12.18739, 12.50269]
Total amounts of jobs
[3428.0, 2584.0, 2265.0, 1377.0, 1134.0, 1003.0, 829.0, 732.0, 623.0, 571.0, 511.0]
Total amounts of events
[0.0, 72911416.0, 93573001.0, 132404387.0, 146516730.0, 153789787.0, 162784281.0, 169661329.0, 175508042.0, 179169763.0, 183805063.0]
Events to Jobs
jobs = -1.6896050466246696e-05 * events + 362.6935081775847
r^2 = 0.985094908287504
Probes to Jobs
jobs = -26.507272727272724 * probes + 269.4181818181818
r^2 = 0.8274233939493232
Probes to Events
events = 1527859.3281818181 * probes + 5725465.168181818
r^2 = 0.7966301968264649
All jobs
[346.0, 246.0, 225.0, 142.0, 107.0, 98.0, 81.0, 69.0, 66.0, 58.0, 52.0, 343.0, 261.0, 225.0, 134.0, 114.0, 102.0, 85.0, 73.0, 62.0, 59.0, 51.0, 343.0, 260.0, 230.0, 139.0, 116.0, 99.0, 82.0, 73.0, 61.0, 55.0, 49.0, 343.0, 259.0, 227.0, 140.0, 120.0, 103.0, 78.0, 76.0, 61.0, 58.0, 51.0, 343.0, 259.0, 227.0, 138.0, 116.0, 101.0, 85.0, 74.0, 64.0, 57.0, 53.0, 343.0, 260.0, 224.0, 137.0, 111.0, 101.0, 86.0, 73.0, 64.0, 57.0, 51.0, 343.0, 259.0, 224.0, 134.0, 115.0, 101.0, 86.0, 72.0, 64.0, 60.0, 51.0, 342.0, 261.0, 228.0, 136.0, 111.0, 101.0, 83.0, 74.0, 58.0, 55.0, 50.0, 341.0, 259.0, 226.0, 136.0, 112.0, 100.0, 84.0, 73.0, 62.0, 55.0, 50.0, 341.0, 260.0, 229.0, 141.0, 112.0, 97.0, 79.0, 75.0, 61.0, 57.0, 53.0]
All events
[0.0, 6906130.0, 9469948.0, 13087403.0, 14668816.0, 15470651.0, 16338220.0, 17186243.0, 17302761.0, 18002233.0, 18304374.0, 0.0, 7361835.0, 9401087.0, 13377239.0, 14441318.0, 15372298.0, 16301175.0, 16733508.0, 17495228.0, 17802430.0, 18722432.0, 0.0, 7317983.0, 9260572.0, 13282219.0, 14673484.0, 15483789.0, 16356001.0, 17001021.0, 17532401.0, 18101481.0, 18431397.0, 0.0, 7321115.0, 9385126.0, 13115932.0, 14600235.0, 15355692.0, 16489458.0, 16728344.0, 17487804.0, 18169268.0, 18190852.0, 0.0, 7307726.0, 9366234.0, 13179508.0, 14622304.0, 15306829.0, 16207728.0, 16968639.0, 17566847.0, 17624771.0, 18269162.0, 0.0, 7324511.0, 9403633.0, 13352941.0, 14712041.0, 15298554.0, 16149371.0, 17141900.0, 17563247.0, 17717168.0, 18358317.0, 0.0, 7334240.0, 9432071.0, 13419371.0, 14889873.0, 15240437.0, 16124965.0, 16988674.0, 17822168.0, 17712385.0, 18209476.0, 0.0, 7355075.0, 9189445.0, 13175222.0, 14652530.0, 15189627.0, 16359699.0, 16996158.0, 17591649.0, 18114288.0, 18567832.0, 0.0, 7335025.0, 9387136.0, 13336862.0, 14501299.0, 15477558.0, 16315154.0, 16901422.0, 17664773.0, 17898515.0, 18463527.0, 0.0, 7347776.0, 9277749.0, 13077690.0, 14754830.0, 15594352.0, 16142510.0, 17015420.0, 17481164.0, 18027224.0, 18287694.0]
