iterations 10 | time 20 | threads 500 | depth 1500 | governor powersave
Relative amounts of jobs
[34.88437, 14.21112, 10.63969, 8.30847, 6.64864, 5.61358, 4.94219, 4.32674, 3.8232, 3.45953, 3.14248]
Relative amounts of events
[0.0, 5.28064, 6.65849, 8.69584, 9.84014, 10.20458, 10.8671, 11.52001, 11.89056, 12.36375, 12.67889]
Total amounts of jobs
[3741.0, 1524.0, 1141.0, 891.0, 713.0, 602.0, 530.0, 464.0, 410.0, 371.0, 337.0]
Total amounts of events
[0.0, 68404300.0, 86252644.0, 112644008.0, 127467093.0, 132187985.0, 140770052.0, 149227836.0, 154027828.0, 160157376.0, 164239722.0]
Events to Jobs
jobs = -1.9121060901417815e-05 * events + 322.6637978775655
r^2 = 0.917404939852582
Probes to Jobs
jobs = -22.60181818181819 * probes + 210.50000000000003
r^2 = 0.5766094810073803
Probes to Events
events = 1343642.8009090908 * probes + 5057957.304545455
r^2 = 0.8121300484370291
All jobs
[379.0, 153.0, 114.0, 90.0, 72.0, 60.0, 53.0, 46.0, 41.0, 37.0, 34.0, 375.0, 152.0, 115.0, 89.0, 72.0, 60.0, 52.0, 47.0, 41.0, 37.0, 33.0, 374.0, 152.0, 115.0, 89.0, 71.0, 60.0, 54.0, 46.0, 41.0, 37.0, 34.0, 374.0, 153.0, 114.0, 89.0, 71.0, 60.0, 53.0, 46.0, 41.0, 38.0, 33.0, 375.0, 153.0, 114.0, 89.0, 71.0, 60.0, 53.0, 46.0, 41.0, 37.0, 34.0, 373.0, 152.0, 115.0, 89.0, 71.0, 60.0, 54.0, 46.0, 41.0, 37.0, 34.0, 373.0, 152.0, 114.0, 90.0, 71.0, 60.0, 53.0, 47.0, 41.0, 37.0, 34.0, 373.0, 152.0, 113.0, 89.0, 71.0, 61.0, 53.0, 46.0, 41.0, 37.0, 33.0, 373.0, 153.0, 114.0, 88.0, 72.0, 60.0, 53.0, 47.0, 41.0, 37.0, 34.0, 372.0, 152.0, 113.0, 89.0, 71.0, 61.0, 52.0, 47.0, 41.0, 37.0, 34.0]
All events
[0.0, 6829665.0, 8568873.0, 11208850.0, 12601494.0, 13126883.0, 14084850.0, 15053578.0, 15309768.0, 15555292.0, 16893805.0, 0.0, 6845503.0, 8693395.0, 11068865.0, 13007292.0, 13353408.0, 13471138.0, 15116040.0, 15157730.0, 16103814.0, 16257353.0, 0.0, 6826801.0, 8721053.0, 11355063.0, 12654663.0, 13172740.0, 14353559.0, 14766040.0, 15542751.0, 15989127.0, 16531430.0, 0.0, 6872992.0, 8586654.0, 11332288.0, 12788438.0, 13248027.0, 14235217.0, 14802052.0, 15376258.0, 16563925.0, 16171935.0, 0.0, 6855527.0, 8666522.0, 11254820.0, 12797184.0, 13281633.0, 14387865.0, 14994831.0, 15571500.0, 15856360.0, 16495167.0, 0.0, 6802055.0, 8709620.0, 11316578.0, 12706486.0, 13082578.0, 14406530.0, 14389318.0, 15525226.0, 16154035.0, 16509021.0, 0.0, 6845765.0, 8579589.0, 11435254.0, 12658624.0, 12977075.0, 14049825.0, 15046843.0, 15484368.0, 15982144.0, 16313739.0, 0.0, 6856091.0, 8519270.0, 11226260.0, 12660173.0, 13475727.0, 13647115.0, 14750986.0, 15307738.0, 16187182.0, 15909154.0, 0.0, 6814907.0, 8652346.0, 11212841.0, 12975570.0, 13197019.0, 14188779.0, 15258524.0, 15506046.0, 16127654.0, 16566172.0, 0.0, 6854994.0, 8555322.0, 11233189.0, 12617169.0, 13272895.0, 13945174.0, 15049624.0, 15246443.0, 15637843.0, 16591946.0]
