iterations 10 | time 20 | threads 500 | depth 1500 | governor powersave
Relative amounts of jobs
[8.24058, 11.07206, 11.29857, 9.56454, 9.19352, 9.48643, 9.60359, 8.471, 7.91252, 7.64304, 7.51416]
Relative amounts of events
[0.0, 4.68705, 8.48427, 10.47237, 11.18629, 11.36503, 11.34614, 11.44289, 10.77616, 10.30875, 9.93105]
Total amounts of jobs
[2110.0, 2835.0, 2893.0, 2449.0, 2354.0, 2429.0, 2459.0, 2169.0, 2026.0, 1957.0, 1924.0]
Total amounts of events
[0.0, 109155624.0, 197587891.0, 243888459.0, 260514611.0, 264677238.0, 264237335.0, 266490652.0, 250963220.0, 240077853.0, 231281695.0]
Events to Jobs
jobs = -5.060470294206308e-07 * events + 243.48654601900114
r^2 = 0.016345878558172267
Probes to Jobs
jobs = -6.816363636363635 * probes + 266.8545454545455
r^2 = 0.46431865042019504
Probes to Events
events = 1717409.534545454 * probes + 12584539.400000004
r^2 = 0.46177653169193233
All jobs
[203.0, 280.0, 290.0, 241.0, 236.0, 244.0, 249.0, 217.0, 200.0, 198.0, 190.0, 215.0, 289.0, 288.0, 241.0, 245.0, 242.0, 242.0, 217.0, 215.0, 203.0, 192.0, 211.0, 285.0, 287.0, 244.0, 234.0, 239.0, 241.0, 221.0, 209.0, 193.0, 191.0, 208.0, 284.0, 284.0, 250.0, 234.0, 244.0, 246.0, 208.0, 209.0, 197.0, 202.0, 221.0, 280.0, 291.0, 248.0, 236.0, 246.0, 244.0, 217.0, 202.0, 195.0, 188.0, 208.0, 282.0, 287.0, 241.0, 236.0, 245.0, 249.0, 219.0, 197.0, 192.0, 192.0, 219.0, 282.0, 291.0, 245.0, 234.0, 243.0, 246.0, 219.0, 207.0, 196.0, 193.0, 202.0, 285.0, 293.0, 246.0, 229.0, 243.0, 250.0, 218.0, 195.0, 191.0, 195.0, 211.0, 285.0, 292.0, 244.0, 235.0, 243.0, 246.0, 215.0, 201.0, 197.0, 193.0, 212.0, 283.0, 290.0, 249.0, 235.0, 240.0, 246.0, 218.0, 191.0, 195.0, 188.0]
All events
[0.0, 10830044.0, 19787292.0, 24346606.0, 25977823.0, 26531306.0, 26311924.0, 26688900.0, 25101797.0, 23812488.0, 23241461.0, 0.0, 10942057.0, 19699661.0, 24286362.0, 26039810.0, 26613313.0, 26497302.0, 26610143.0, 25072404.0, 23893865.0, 23100934.0, 0.0, 10841954.0, 19918946.0, 24288255.0, 26060035.0, 26372882.0, 26460202.0, 26584939.0, 24729375.0, 24124233.0, 23083209.0, 0.0, 10926224.0, 19778071.0, 24443417.0, 25960988.0, 26524731.0, 26495560.0, 26781394.0, 25105080.0, 23896511.0, 23069745.0, 0.0, 10915469.0, 19567026.0, 24394807.0, 26268979.0, 26465571.0, 26381812.0, 26848466.0, 25079553.0, 24108919.0, 23156010.0, 0.0, 10956523.0, 19907897.0, 24273679.0, 26032727.0, 26653926.0, 26386994.0, 26627773.0, 25310667.0, 24039133.0, 23069133.0, 0.0, 10916080.0, 19708132.0, 24508251.0, 26154220.0, 26376357.0, 26406578.0, 26457243.0, 24935124.0, 23987523.0, 23187771.0, 0.0, 10968752.0, 19646661.0, 24459908.0, 26028009.0, 26465748.0, 26246705.0, 26539120.0, 25308452.0, 24210899.0, 23044978.0, 0.0, 10919476.0, 19728610.0, 24412883.0, 26000137.0, 26321166.0, 26483225.0, 26552684.0, 25127688.0, 23954276.0, 23113150.0, 0.0, 10939045.0, 19845595.0, 24474291.0, 25991883.0, 26352238.0, 26567033.0, 26799990.0, 25193080.0, 24050006.0, 23215304.0]
