iterations 10 | time 20 | threads 500 | depth 1500 | governor performance
Relative amounts of jobs
[34.77855, 14.20979, 10.63869, 8.34499, 6.65734, 5.6317, 4.94172, 4.31702, 3.88811, 3.43124, 3.16084]
Relative amounts of events
[0.0, 5.26658, 6.64642, 8.59165, 9.89743, 10.22254, 10.96117, 11.3462, 11.99662, 12.24812, 12.82327]
Total amounts of jobs
[3730.0, 1524.0, 1141.0, 895.0, 714.0, 604.0, 530.0, 463.0, 417.0, 368.0, 339.0]
Total amounts of events
[0.0, 68343933.0, 86250103.0, 111493196.0, 128438127.0, 132657124.0, 142242165.0, 147238712.0, 155679101.0, 158942817.0, 166406520.0]
Events to Jobs
jobs = -1.8936724223605816e-05 * events + 320.90028823601074
r^2 = 0.9152011973194092
Probes to Jobs
jobs = -22.544545454545457 * probes + 210.2227272727273
r^2 = 0.5777973270490551
Probes to Events
events = 1352736.5454545452 * probes + 5033515.436363638
r^2 = 0.8151023348684303
All jobs
[377.0, 154.0, 115.0, 90.0, 71.0, 61.0, 53.0, 46.0, 41.0, 37.0, 33.0, 373.0, 153.0, 114.0, 90.0, 72.0, 60.0, 53.0, 47.0, 41.0, 37.0, 34.0, 372.0, 152.0, 115.0, 89.0, 72.0, 60.0, 54.0, 46.0, 41.0, 37.0, 34.0, 373.0, 152.0, 113.0, 89.0, 72.0, 61.0, 52.0, 47.0, 42.0, 36.0, 34.0, 373.0, 152.0, 114.0, 89.0, 71.0, 60.0, 53.0, 46.0, 42.0, 36.0, 34.0, 373.0, 152.0, 114.0, 90.0, 71.0, 60.0, 53.0, 46.0, 42.0, 37.0, 34.0, 372.0, 152.0, 114.0, 90.0, 71.0, 61.0, 53.0, 46.0, 42.0, 37.0, 34.0, 373.0, 152.0, 114.0, 90.0, 71.0, 60.0, 53.0, 47.0, 42.0, 37.0, 34.0, 372.0, 152.0, 115.0, 89.0, 72.0, 60.0, 54.0, 46.0, 42.0, 37.0, 34.0, 372.0, 153.0, 113.0, 89.0, 71.0, 61.0, 52.0, 46.0, 42.0, 37.0, 34.0]
All events
[0.0, 6830586.0, 8732903.0, 11432968.0, 12788292.0, 13589874.0, 14349788.0, 14468681.0, 15628824.0, 16089120.0, 16513343.0, 0.0, 6837005.0, 8637972.0, 11361998.0, 13019231.0, 13119355.0, 14209926.0, 15067484.0, 14900829.0, 15699147.0, 16237281.0, 0.0, 6841293.0, 8681263.0, 11201139.0, 12934894.0, 13151534.0, 14358480.0, 14595826.0, 15182178.0, 16190593.0, 16681559.0, 0.0, 6843628.0, 8490669.0, 11313657.0, 12915959.0, 13421307.0, 13951928.0, 14612104.0, 15823014.0, 15605346.0, 16681736.0, 0.0, 6831817.0, 8660912.0, 11175601.0, 12853468.0, 13272797.0, 14212904.0, 14057182.0, 15949326.0, 15767958.0, 16885153.0, 0.0, 6846663.0, 8601220.0, 10025137.0, 12774689.0, 13128770.0, 14300658.0, 14968789.0, 15721974.0, 15987666.0, 16792444.0, 0.0, 6830437.0, 8615965.0, 11400382.0, 12569070.0, 13439529.0, 14209931.0, 14721039.0, 15278081.0, 16041973.0, 16542493.0, 0.0, 6824933.0, 8667032.0, 11431402.0, 12875655.0, 13099710.0, 14288750.0, 14996362.0, 15839224.0, 15690727.0, 16899947.0, 0.0, 6822970.0, 8683398.0, 11172975.0, 12934131.0, 12986768.0, 14363792.0, 14802316.0, 15722940.0, 15846291.0, 16505128.0, 0.0, 6834601.0, 8478769.0, 10977937.0, 12772738.0, 13447480.0, 13996008.0, 14948929.0, 15632711.0, 16023996.0, 16667436.0]
