iterations 10 | time 20 | threads 500 | depth 1500 | governor X
Relative amounts of jobs
[42.37726, 11.8863, 9.30233, 9.30233, 6.71835, 4.90956, 2.58398, 3.10078, 3.10078, 3.35917, 3.35917]
Relative amounts of events
[0.0, 5.56032, 6.66391, 10.75643, 11.52521, 11.4954, 8.64206, 9.60444, 11.33958, 11.61751, 12.79514]
Total amounts of jobs
[164.0, 46.0, 36.0, 36.0, 26.0, 19.0, 10.0, 12.0, 12.0, 13.0, 13.0]
Total amounts of events
[0.0, 1396335.0, 1673475.0, 2701208.0, 2894267.0, 2886783.0, 2170237.0, 2411916.0, 2847651.0, 2917446.0, 3213180.0]
Events to Jobs
jobs = 3.6726573112847456e-06 * events + 2.6797309146879673
r^2 = 0.006205731394127056
Probes to Jobs
jobs = -0.9299999999999999 * probes + 8.168181818181818
r^2 = 0.09669124610450941
Probes to Events
events = 22154.78 * probes + 117521.53636363638
r^2 = 0.11926801297536349
All jobs
[94.0, 20.0, 22.0, 18.0, 14.0, 6.0, 1.0, 1.0, 1.0, 1.0, 1.0, 8.0, 10.0, 1.0, 1.0, 1.0, 1.0, 1.0, 1.0, 1.0, 1.0, 1.0, 8.0, 2.0, 2.0, 1.0, 1.0, 1.0, 1.0, 1.0, 2.0, 4.0, 1.0, 8.0, 2.0, 2.0, 2.0, 1.0, 1.0, 1.0, 1.0, 1.0, 1.0, 1.0, 7.0, 2.0, 1.0, 1.0, 2.0, 5.0, 1.0, 1.0, 1.0, 1.0, 1.0, 8.0, 2.0, 1.0, 1.0, 1.0, 1.0, 1.0, 1.0, 1.0, 1.0, 1.0, 8.0, 2.0, 2.0, 8.0, 2.0, 1.0, 1.0, 1.0, 1.0, 1.0, 1.0, 8.0, 2.0, 2.0, 2.0, 1.0, 1.0, 1.0, 1.0, 1.0, 1.0, 4.0, 8.0, 2.0, 2.0, 1.0, 1.0, 1.0, 1.0, 1.0, 1.0, 1.0, 1.0, 7.0, 2.0, 1.0, 1.0, 2.0, 1.0, 1.0, 3.0, 2.0, 1.0, 1.0]
All events
[0.0, 516664.0, 730327.0, 997569.0, 1151649.0, 751642.0, 202741.0, 272111.0, 180927.0, 240228.0, 191453.0, 0.0, 308792.0, 77166.0, 107147.0, 163181.0, 178693.0, 335016.0, 142058.0, 222267.0, 136608.0, 195250.0, 0.0, 77227.0, 163299.0, 108735.0, 186137.0, 276062.0, 163695.0, 235424.0, 365422.0, 745606.0, 307296.0, 0.0, 57743.0, 114543.0, 255383.0, 158039.0, 195064.0, 131018.0, 209730.0, 333563.0, 405975.0, 374201.0, 0.0, 86533.0, 76353.0, 100537.0, 259611.0, 645700.0, 234389.0, 187756.0, 284347.0, 167488.0, 314778.0, 0.0, 49619.0, 70901.0, 67754.0, 142493.0, 168774.0, 144599.0, 222462.0, 244385.0, 272967.0, 160428.0, 0.0, 60597.0, 142475.0, 621796.0, 282301.0, 179439.0, 349133.0, 223459.0, 222411.0, 225396.0, 371375.0, 0.0, 81560.0, 101714.0, 229681.0, 187799.0, 136379.0, 191091.0, 233033.0, 237720.0, 197263.0, 905026.0, 0.0, 98784.0, 119342.0, 113782.0, 150023.0, 133349.0, 194847.0, 173919.0, 242729.0, 303782.0, 143066.0, 0.0, 58816.0, 77355.0, 98824.0, 213034.0, 221681.0, 223708.0, 511964.0, 513880.0, 222133.0, 250307.0]
