iterations 10 | time 20 | threads 500 | depth 1500 | governor performance
Relative amounts of jobs
[34.7997, 14.23624, 10.614, 8.32085, 6.67353, 5.62523, 4.96069, 4.3055, 3.85623, 3.46312, 3.14489]
Relative amounts of events
[0.0, 5.27502, 6.62427, 8.66329, 9.826, 10.21712, 10.94715, 11.42421, 11.97072, 12.37443, 12.67779]
Total amounts of jobs
[3718.0, 1521.0, 1134.0, 889.0, 713.0, 601.0, 530.0, 460.0, 412.0, 370.0, 336.0]
Total amounts of events
[0.0, 68237220.0, 85690970.0, 112067602.0, 127108239.0, 132167789.0, 141611382.0, 147782551.0, 154852208.0, 160074536.0, 163998781.0]
Events to Jobs
jobs = -1.8964338143907243e-05 * events + 320.14638560001015
r^2 = 0.915973697098396
Probes to Jobs
jobs = -22.47363636363637 * probes + 209.49545454545458
r^2 = 0.5776315423834635
Probes to Events
events = 1346145.385454545 * probes + 5029193.781818184
r^2 = 0.8137303479236432
All jobs
[372.0, 153.0, 113.0, 88.0, 72.0, 60.0, 53.0, 46.0, 41.0, 38.0, 34.0, 372.0, 152.0, 114.0, 89.0, 71.0, 60.0, 53.0, 46.0, 42.0, 36.0, 34.0, 372.0, 152.0, 112.0, 89.0, 71.0, 61.0, 53.0, 46.0, 40.0, 37.0, 33.0, 372.0, 152.0, 114.0, 89.0, 71.0, 61.0, 52.0, 47.0, 41.0, 37.0, 33.0, 372.0, 152.0, 114.0, 89.0, 72.0, 60.0, 53.0, 46.0, 41.0, 37.0, 34.0, 371.0, 152.0, 114.0, 89.0, 71.0, 60.0, 53.0, 46.0, 42.0, 36.0, 34.0, 372.0, 152.0, 115.0, 89.0, 71.0, 60.0, 53.0, 46.0, 41.0, 37.0, 34.0, 372.0, 152.0, 113.0, 89.0, 71.0, 60.0, 54.0, 45.0, 42.0, 37.0, 33.0, 371.0, 152.0, 113.0, 89.0, 71.0, 60.0, 53.0, 46.0, 41.0, 38.0, 33.0, 372.0, 152.0, 112.0, 89.0, 72.0, 59.0, 53.0, 46.0, 41.0, 37.0, 34.0]
All events
[0.0, 6846777.0, 8544939.0, 11150656.0, 12812711.0, 13294049.0, 14094065.0, 14698320.0, 15465491.0, 16305811.0, 16114355.0, 0.0, 6818793.0, 8603277.0, 11283354.0, 12895269.0, 13172869.0, 14189318.0, 14847573.0, 15817911.0, 15684196.0, 16768152.0, 0.0, 6850933.0, 8362619.0, 11216080.0, 12786080.0, 13476808.0, 14125232.0, 14846324.0, 15099822.0, 16008779.0, 16269797.0, 0.0, 6823991.0, 8604551.0, 11304720.0, 12633683.0, 13219196.0, 14054322.0, 15343268.0, 15465850.0, 15965542.0, 16397291.0, 0.0, 6811409.0, 8620049.0, 11380203.0, 12729424.0, 13060414.0, 14204012.0, 14782781.0, 15722158.0, 15988315.0, 16514489.0, 0.0, 6858698.0, 8646116.0, 11312808.0, 12813491.0, 13177859.0, 14082996.0, 14850621.0, 15653942.0, 15843021.0, 16684520.0, 0.0, 6839161.0, 8721212.0, 11208604.0, 12771756.0, 13250856.0, 14115504.0, 14661760.0, 15482675.0, 16046405.0, 16617529.0, 0.0, 6792709.0, 8613255.0, 11044561.0, 12958854.0, 13302763.0, 14529864.0, 13906028.0, 15185107.0, 15987145.0, 16143993.0, 0.0, 6799948.0, 8547247.0, 10953293.0, 11631643.0, 13153001.0, 14155668.0, 14949390.0, 15584072.0, 16356787.0, 15982941.0, 0.0, 6794801.0, 8427705.0, 11213323.0, 13075328.0, 13059974.0, 14060401.0, 14896486.0, 15375180.0, 15888535.0, 16505714.0]
