iterations 10 | time 20 | threads 500 | depth 1500 | governor powersave
Relative amounts of jobs
[12.31833, 12.03965, 11.20008, 9.63031, 8.57203, 8.20164, 7.58784, 8.05348, 7.61606, 7.49259, 7.28799]
Relative amounts of events
[0.0, 4.76933, 8.53896, 10.81129, 11.4938, 11.31096, 10.86539, 10.6231, 10.54976, 10.50937, 10.52805]
Total amounts of jobs
[3492.0, 3413.0, 3175.0, 2730.0, 2430.0, 2325.0, 2151.0, 2283.0, 2159.0, 2124.0, 2066.0]
Total amounts of events
[0.0, 107847037.0, 193087984.0, 244471409.0, 259904610.0, 255770177.0, 245694705.0, 240215912.0, 238557529.0, 237644082.0, 238066620.0]
Events to Jobs
jobs = -5.6070712055804875e-06 * events + 372.9731472617324
r^2 = 0.6988908368608375
Probes to Jobs
jobs = -15.00636363636363 * probes + 332.74090909090904
r^2 = 0.8479251400247381
Probes to Events
events = 1657462.7418181812 * probes + 12269595.972727276
r^2 = 0.4653255775656765
All jobs
[350.0, 342.0, 320.0, 273.0, 247.0, 235.0, 216.0, 231.0, 219.0, 213.0, 204.0, 350.0, 339.0, 317.0, 271.0, 246.0, 233.0, 220.0, 229.0, 213.0, 217.0, 202.0, 349.0, 339.0, 316.0, 277.0, 243.0, 234.0, 210.0, 229.0, 216.0, 211.0, 213.0, 349.0, 343.0, 312.0, 274.0, 235.0, 229.0, 214.0, 229.0, 221.0, 213.0, 210.0, 349.0, 340.0, 320.0, 276.0, 247.0, 236.0, 218.0, 230.0, 211.0, 215.0, 200.0, 349.0, 343.0, 314.0, 274.0, 249.0, 233.0, 216.0, 222.0, 214.0, 208.0, 200.0, 349.0, 342.0, 317.0, 275.0, 242.0, 228.0, 212.0, 230.0, 217.0, 209.0, 204.0, 349.0, 340.0, 324.0, 270.0, 237.0, 237.0, 214.0, 227.0, 216.0, 212.0, 210.0, 349.0, 340.0, 318.0, 268.0, 244.0, 233.0, 216.0, 226.0, 218.0, 213.0, 212.0, 349.0, 345.0, 317.0, 272.0, 240.0, 227.0, 215.0, 230.0, 214.0, 213.0, 211.0]
All events
[0.0, 10805153.0, 19423452.0, 24499391.0, 25924096.0, 25392336.0, 24491526.0, 24021804.0, 23828351.0, 23709415.0, 23932296.0, 0.0, 10821447.0, 19301397.0, 24526464.0, 25991898.0, 25637315.0, 24575460.0, 24102567.0, 23823847.0, 23845571.0, 23689386.0, 0.0, 10752663.0, 19323413.0, 24424413.0, 25940626.0, 25693057.0, 24742840.0, 24059383.0, 23866005.0, 23881686.0, 23815756.0, 0.0, 10848701.0, 19270375.0, 24375531.0, 25924351.0, 25523061.0, 24494276.0, 24085569.0, 24027808.0, 23632927.0, 23785902.0, 0.0, 10712707.0, 19208781.0, 24301730.0, 25957610.0, 25735697.0, 24411083.0, 24049700.0, 23791268.0, 23837171.0, 23803206.0, 0.0, 10755676.0, 19219262.0, 24473008.0, 26052880.0, 25577037.0, 24687997.0, 24014208.0, 23784654.0, 23688395.0, 24105817.0, 0.0, 10776535.0, 19173680.0, 24482221.0, 25915686.0, 25518325.0, 24501558.0, 24007455.0, 23771175.0, 23945680.0, 23565492.0, 0.0, 10779051.0, 19293676.0, 24509933.0, 26063677.0, 25600104.0, 24588039.0, 23900495.0, 23758307.0, 23682833.0, 23776740.0, 0.0, 10744902.0, 19453243.0, 24390386.0, 26085760.0, 25599495.0, 24565938.0, 24030690.0, 24093613.0, 23784776.0, 23742860.0, 0.0, 10850202.0, 19420705.0, 24488332.0, 26048026.0, 25493750.0, 24635988.0, 23944041.0, 23812501.0, 23635628.0, 23849165.0]
