iterations 10 | time 20 | threads 500 | depth 1500 | governor X
Relative amounts of jobs
[19.77975, 12.61067, 10.99115, 9.71712, 8.42151, 8.03282, 7.34183, 6.52127, 5.98143, 5.52796, 5.0745]
Relative amounts of events
[0.0, 3.03709, 5.05276, 7.07107, 8.89868, 10.22226, 11.3414, 12.31904, 13.21621, 14.0559, 14.78559]
Total amounts of jobs
[916.0, 584.0, 509.0, 450.0, 390.0, 372.0, 340.0, 302.0, 277.0, 256.0, 235.0]
Total amounts of events
[0.0, 9284003.0, 15445640.0, 21615338.0, 27202119.0, 31248115.0, 34669173.0, 37657713.0, 40400228.0, 42967062.0, 45197621.0]
Events to Jobs
jobs = -1.2729370989357688e-05 * events + 77.47457620342033
r^2 = 0.8993195360013364
Probes to Jobs
jobs = -5.2354545454545445 * probes + 68.27727272727273
r^2 = 0.7754503439202489
Probes to Events
events = 431941.7354545454 * probes + 619264.1590909092
r^2 = 0.9510325995771155
All jobs
[93.0, 60.0, 50.0, 46.0, 41.0, 37.0, 33.0, 29.0, 27.0, 24.0, 23.0, 91.0, 59.0, 51.0, 47.0, 39.0, 38.0, 34.0, 32.0, 26.0, 24.0, 24.0, 91.0, 56.0, 50.0, 42.0, 38.0, 38.0, 33.0, 30.0, 27.0, 25.0, 23.0, 91.0, 57.0, 53.0, 43.0, 40.0, 38.0, 34.0, 29.0, 30.0, 26.0, 25.0, 93.0, 60.0, 53.0, 46.0, 39.0, 38.0, 34.0, 31.0, 28.0, 26.0, 24.0, 94.0, 59.0, 47.0, 43.0, 39.0, 37.0, 33.0, 30.0, 29.0, 26.0, 24.0, 90.0, 58.0, 49.0, 45.0, 40.0, 39.0, 34.0, 30.0, 28.0, 27.0, 23.0, 89.0, 58.0, 53.0, 43.0, 38.0, 36.0, 36.0, 32.0, 28.0, 26.0, 22.0, 93.0, 61.0, 52.0, 47.0, 39.0, 36.0, 35.0, 31.0, 27.0, 26.0, 24.0, 91.0, 56.0, 51.0, 48.0, 37.0, 35.0, 34.0, 28.0, 27.0, 26.0, 23.0]
All events
[0.0, 935260.0, 1546777.0, 2162114.0, 2669204.0, 3121975.0, 3465536.0, 3830482.0, 3929414.0, 4304965.0, 4462895.0, 0.0, 921978.0, 1530610.0, 2162273.0, 2732902.0, 3114288.0, 3426717.0, 3802651.0, 4100306.0, 4222755.0, 4650111.0, 0.0, 943959.0, 1523600.0, 2145725.0, 2691405.0, 3122750.0, 3488878.0, 3758282.0, 3948624.0, 4405688.0, 4367745.0, 0.0, 924936.0, 1563631.0, 2129901.0, 2718220.0, 3036798.0, 3445010.0, 3791646.0, 4106781.0, 4140122.0, 4612509.0, 0.0, 925306.0, 1524175.0, 2148265.0, 2722385.0, 3178468.0, 3404938.0, 3789956.0, 4095623.0, 4149457.0, 4618835.0, 0.0, 922501.0, 1592050.0, 2209261.0, 2716327.0, 3159405.0, 3524063.0, 3597706.0, 4134067.0, 4367788.0, 4558995.0, 0.0, 932842.0, 1545180.0, 2171499.0, 2705680.0, 3183576.0, 3520943.0, 3735877.0, 4067040.0, 4268507.0, 4475237.0, 0.0, 922101.0, 1562393.0, 2198484.0, 2782293.0, 3147117.0, 3435324.0, 3816313.0, 4018813.0, 4420770.0, 4392429.0, 0.0, 925214.0, 1513672.0, 2174163.0, 2802036.0, 3074994.0, 3499601.0, 3816215.0, 3974445.0, 4335806.0, 4593149.0, 0.0, 929906.0, 1543552.0, 2113653.0, 2661667.0, 3108744.0, 3458163.0, 3718585.0, 4025115.0, 4351204.0, 4465716.0]
