iterations 10 | time 20 | threads 500 | depth 1500 | governor X
Relative amounts of jobs
[12.05479, 9.52055, 9.27397, 8.89041, 8.90411, 8.63014, 8.58904, 8.49315, 8.50685, 8.53425, 8.60274]
Relative amounts of events
[0.0, 1.87268, 4.46572, 7.47394, 10.12103, 11.38913, 12.16268, 12.53889, 13.03171, 13.3295, 13.61472]
Total amounts of jobs
[880.0, 695.0, 677.0, 649.0, 650.0, 630.0, 627.0, 620.0, 621.0, 623.0, 628.0]
Total amounts of events
[0.0, 11547574.0, 27537100.0, 46086786.0, 62409644.0, 70229152.0, 74999169.0, 77318978.0, 80357890.0, 82194170.0, 83952872.0]
Events to Jobs
jobs = -2.0702063450771886e-06 * events + 77.96871129730097
r^2 = 0.664943669266356
Probes to Jobs
jobs = -1.633636363636363 * probes + 74.53181818181818
r^2 = 0.49744423562758033
Probes to Events
events = 850788.2027272728 * probes + 1351816.5772727272
r^2 = 0.8695988410491968
All jobs
[91.0, 71.0, 69.0, 67.0, 66.0, 65.0, 65.0, 63.0, 63.0, 64.0, 63.0, 87.0, 68.0, 68.0, 66.0, 65.0, 64.0, 63.0, 64.0, 63.0, 63.0, 63.0, 91.0, 70.0, 69.0, 65.0, 65.0, 62.0, 63.0, 61.0, 63.0, 61.0, 63.0, 88.0, 69.0, 68.0, 65.0, 64.0, 62.0, 62.0, 61.0, 64.0, 63.0, 64.0, 87.0, 71.0, 67.0, 65.0, 66.0, 63.0, 63.0, 63.0, 63.0, 63.0, 62.0, 87.0, 70.0, 67.0, 66.0, 65.0, 65.0, 61.0, 61.0, 59.0, 60.0, 63.0, 86.0, 69.0, 68.0, 64.0, 66.0, 62.0, 62.0, 61.0, 61.0, 62.0, 64.0, 90.0, 70.0, 68.0, 63.0, 65.0, 61.0, 62.0, 61.0, 62.0, 62.0, 63.0, 87.0, 68.0, 66.0, 64.0, 63.0, 63.0, 64.0, 62.0, 61.0, 63.0, 61.0, 86.0, 69.0, 67.0, 64.0, 65.0, 63.0, 62.0, 63.0, 62.0, 62.0, 62.0]
All events
[0.0, 1145569.0, 2784909.0, 4823438.0, 6267085.0, 7313024.0, 7635492.0, 7825393.0, 8223445.0, 8187006.0, 8366632.0, 0.0, 1140403.0, 2839429.0, 4664621.0, 6179483.0, 7301817.0, 7566161.0, 7956207.0, 8188330.0, 8213726.0, 8590941.0, 0.0, 1175179.0, 2810064.0, 4545282.0, 6444540.0, 6899845.0, 7596214.0, 7672692.0, 8094839.0, 8055741.0, 8488542.0, 0.0, 1164624.0, 2793794.0, 4648703.0, 6234060.0, 7299705.0, 7535347.0, 7724068.0, 8067157.0, 8271197.0, 8454704.0, 0.0, 1126317.0, 2400885.0, 4629852.0, 6230668.0, 6856256.0, 7559754.0, 7785934.0, 8143021.0, 8298356.0, 8372890.0, 0.0, 1182944.0, 2829950.0, 4647991.0, 6438014.0, 7159659.0, 7290760.0, 7603937.0, 7628719.0, 8141998.0, 8332827.0, 0.0, 1151756.0, 2763011.0, 4528166.0, 6327803.0, 6560274.0, 7450797.0, 7759543.0, 7994519.0, 8276065.0, 8326874.0, 0.0, 1147498.0, 2798939.0, 4455160.0, 6129648.0, 6809756.0, 7458047.0, 7634155.0, 8028301.0, 8191933.0, 8456739.0, 0.0, 1158226.0, 2681815.0, 4558469.0, 6100692.0, 7100922.0, 7496910.0, 7655513.0, 7930056.0, 8326663.0, 8169951.0, 0.0, 1155058.0, 2834304.0, 4585104.0, 6057651.0, 6927894.0, 7409687.0, 7701536.0, 8059503.0, 8231485.0, 8392772.0]
