iterations 10 | time 20 | threads 500 | depth 1500 | governor powersave
Relative amounts of jobs
[34.75821, 14.23627, 10.60705, 8.36217, 6.65981, 5.64026, 4.92938, 4.3401, 3.87242, 3.44215, 3.15218]
Relative amounts of events
[0.0, 5.25039, 6.61662, 8.72395, 9.75509, 10.21974, 10.92121, 11.57035, 12.0063, 12.26836, 12.66799]
Total amounts of jobs
[3716.0, 1522.0, 1134.0, 894.0, 712.0, 603.0, 527.0, 464.0, 414.0, 368.0, 337.0]
Total amounts of events
[0.0, 68049044.0, 85756352.0, 113068900.0, 126433246.0, 132455476.0, 141547124.0, 149960453.0, 155610601.0, 159007109.0, 164186675.0]
Events to Jobs
jobs = -1.891139553630783e-05 * events + 320.01442355902054
r^2 = 0.9164245563208301
Probes to Jobs
jobs = -22.4690909090909 * probes + 209.5363636363636
r^2 = 0.5782475503994573
Probes to Events
events = 1348386.6963636363 * probes + 5040566.336363637
r^2 = 0.8126848338247455
All jobs
[372.0, 151.0, 114.0, 90.0, 71.0, 60.0, 53.0, 46.0, 41.0, 37.0, 34.0, 371.0, 152.0, 112.0, 89.0, 71.0, 61.0, 52.0, 47.0, 41.0, 37.0, 33.0, 372.0, 152.0, 114.0, 89.0, 71.0, 60.0, 53.0, 46.0, 41.0, 37.0, 34.0, 372.0, 152.0, 114.0, 89.0, 71.0, 60.0, 53.0, 47.0, 41.0, 37.0, 33.0, 371.0, 152.0, 113.0, 90.0, 72.0, 60.0, 53.0, 47.0, 42.0, 36.0, 34.0, 371.0, 155.0, 114.0, 90.0, 72.0, 60.0, 52.0, 46.0, 42.0, 37.0, 33.0, 372.0, 152.0, 114.0, 89.0, 71.0, 60.0, 53.0, 47.0, 42.0, 36.0, 34.0, 371.0, 152.0, 113.0, 89.0, 71.0, 61.0, 53.0, 46.0, 41.0, 37.0, 34.0, 372.0, 152.0, 113.0, 90.0, 71.0, 61.0, 53.0, 46.0, 41.0, 37.0, 34.0, 372.0, 152.0, 113.0, 89.0, 71.0, 60.0, 52.0, 46.0, 42.0, 37.0, 34.0]
All events
[0.0, 6844298.0, 8599296.0, 11133418.0, 12816203.0, 13303800.0, 14144580.0, 14931598.0, 15649731.0, 15973576.0, 16601193.0, 0.0, 6861179.0, 8446939.0, 11288241.0, 12635020.0, 13459871.0, 14058543.0, 15205560.0, 15270153.0, 16146134.0, 16390835.0, 0.0, 6849537.0, 8602737.0, 11307611.0, 12579871.0, 13231338.0, 14180138.0, 14850281.0, 15419752.0, 16098408.0, 16575323.0, 0.0, 6835625.0, 8562628.0, 11212313.0, 12681872.0, 13215605.0, 14274609.0, 15226513.0, 15444595.0, 15973590.0, 15764221.0, 0.0, 6881152.0, 8538209.0, 11352449.0, 13065348.0, 12742866.0, 14371718.0, 14951223.0, 15543895.0, 15775574.0, 16487647.0, 0.0, 6502468.0, 8668885.0, 11429444.0, 12924154.0, 13254189.0, 14072125.0, 15168696.0, 15839677.0, 16099364.0, 16131343.0, 0.0, 6806399.0, 8645965.0, 11302870.0, 12831623.0, 13355509.0, 14238544.0, 15075564.0, 15688117.0, 15793186.0, 16694201.0, 0.0, 6861064.0, 8558498.0, 11271679.0, 12308589.0, 13273232.0, 14278991.0, 14956960.0, 15691938.0, 15203076.0, 16825204.0, 0.0, 6774080.0, 8582749.0, 11466702.0, 12861621.0, 13298580.0, 14106169.0, 14812403.0, 15386404.0, 15953505.0, 16279836.0, 0.0, 6833242.0, 8550446.0, 11304173.0, 11728945.0, 13320486.0, 13821707.0, 14781655.0, 15676339.0, 15990696.0, 16436872.0]
