iterations 10 | time 20 | threads 500 | depth 1500 | governor powersave
Relative amounts of jobs
[8.09825, 11.13116, 11.26849, 9.63629, 9.21254, 9.47934, 9.61667, 8.51414, 7.91776, 7.65488, 7.47048]
Relative amounts of events
[0.0, 4.67431, 8.47059, 10.50309, 11.16072, 11.37231, 11.35595, 11.41528, 10.77536, 10.30786, 9.96452]
Total amounts of jobs
[2064.0, 2837.0, 2872.0, 2456.0, 2348.0, 2416.0, 2451.0, 2170.0, 2018.0, 1951.0, 1904.0]
Total amounts of events
[0.0, 108726124.0, 197028772.0, 244305546.0, 259602135.0, 264523878.0, 264143159.0, 265523338.0, 250638534.0, 239764238.0, 231778161.0]
Events to Jobs
jobs = -4.00984786105079e-07 * events + 240.17912908954446
r^2 = 0.010006041542714561
Probes to Jobs
jobs = -6.704545454545453 * probes + 265.22272727272724
r^2 = 0.4386503097171097
Probes to Events
events = 1718953.7772727273 * probes + 12550993.704545453
r^2 = 0.4633419770716324
All jobs
[203.0, 278.0, 289.0, 245.0, 237.0, 246.0, 246.0, 213.0, 212.0, 195.0, 191.0, 216.0, 283.0, 283.0, 244.0, 233.0, 237.0, 241.0, 214.0, 205.0, 195.0, 189.0, 214.0, 284.0, 289.0, 241.0, 232.0, 243.0, 245.0, 219.0, 191.0, 202.0, 188.0, 211.0, 284.0, 283.0, 246.0, 235.0, 247.0, 244.0, 217.0, 202.0, 190.0, 192.0, 189.0, 282.0, 288.0, 245.0, 239.0, 240.0, 245.0, 220.0, 201.0, 194.0, 192.0, 201.0, 280.0, 295.0, 247.0, 231.0, 239.0, 244.0, 219.0, 195.0, 199.0, 190.0, 211.0, 293.0, 295.0, 254.0, 232.0, 242.0, 246.0, 219.0, 209.0, 198.0, 187.0, 208.0, 284.0, 287.0, 244.0, 234.0, 239.0, 246.0, 217.0, 204.0, 194.0, 188.0, 200.0, 281.0, 288.0, 243.0, 236.0, 245.0, 247.0, 217.0, 196.0, 184.0, 195.0, 211.0, 288.0, 275.0, 247.0, 239.0, 238.0, 247.0, 215.0, 203.0, 200.0, 192.0]
All events
[0.0, 10848059.0, 19663782.0, 24461756.0, 25948536.0, 26407906.0, 26602963.0, 26896314.0, 24880698.0, 24074088.0, 23080699.0, 0.0, 10957854.0, 19740263.0, 24546334.0, 25892224.0, 26472480.0, 26477342.0, 26503100.0, 24920464.0, 24088549.0, 23307747.0, 0.0, 10871918.0, 19694603.0, 24413671.0, 25985969.0, 26455806.0, 26399116.0, 26566678.0, 25216952.0, 23854925.0, 23195188.0, 0.0, 10899854.0, 19750999.0, 24357232.0, 26099099.0, 26146472.0, 26322736.0, 26455591.0, 25191168.0, 23861264.0, 23202948.0, 0.0, 10853465.0, 19657233.0, 24368970.0, 25912368.0, 26500264.0, 26451991.0, 26591751.0, 25265608.0, 24157201.0, 23296058.0, 0.0, 10838375.0, 19663551.0, 24412237.0, 26012258.0, 26344444.0, 26355676.0, 26350776.0, 25213225.0, 23705951.0, 23008998.0, 0.0, 10827593.0, 19710672.0, 24435510.0, 25917499.0, 26528622.0, 26305670.0, 26537728.0, 24908815.0, 23950423.0, 23165355.0, 0.0, 10911014.0, 19699416.0, 24404545.0, 26181537.0, 26593324.0, 26421810.0, 26535206.0, 24982541.0, 23999749.0, 23246344.0, 0.0, 10813703.0, 19765934.0, 24410066.0, 25659668.0, 26493968.0, 26284375.0, 26530971.0, 25108350.0, 24115790.0, 23043077.0, 0.0, 10904289.0, 19682319.0, 24495225.0, 25992977.0, 26580592.0, 26521480.0, 26555223.0, 24950713.0, 23956298.0, 23231747.0]
