iterations 10 | time 20 | threads 500 | depth 1500 | governor X
Relative amounts of jobs
[22.36842, 11.84211, 10.05263, 9.84211, 7.42105, 7.57895, 7.84211, 6.42105, 5.89474, 5.42105, 5.31579]
Relative amounts of events
[0.0, 2.92944, 5.04422, 7.71843, 8.72502, 10.11662, 12.65982, 12.29242, 12.91471, 13.6158, 13.9835]
Total amounts of jobs
[425.0, 225.0, 191.0, 187.0, 141.0, 144.0, 149.0, 122.0, 112.0, 103.0, 101.0]
Total amounts of events
[0.0, 3716616.0, 6399651.0, 9792456.0, 11069528.0, 12835067.0, 16061653.0, 15595525.0, 16385027.0, 17274512.0, 17741018.0]
Events to Jobs
jobs = 5.291989295451705e-06 * events + 11.169088596557401
r^2 = 0.1152404692883936
Probes to Jobs
jobs = -2.2427272727272727 * probes + 28.486363636363635
r^2 = 0.11846586418863914
Probes to Events
events = 172264.60454545455 * probes + 292050.1863636363
r^2 = 0.16984990063254568
All jobs
[94.0, 57.0, 51.0, 48.0, 38.0, 37.0, 34.0, 31.0, 27.0, 25.0, 25.0, 94.0, 59.0, 48.0, 44.0, 36.0, 39.0, 34.0, 31.0, 28.0, 26.0, 25.0, 70.0, 5.0, 5.0, 4.0, 11.0, 39.0, 29.0, 5.0, 3.0, 4.0, 4.0, 7.0, 6.0, 5.0, 5.0, 4.0, 4.0, 28.0, 31.0, 7.0, 4.0, 4.0, 7.0, 4.0, 5.0, 5.0, 4.0, 3.0, 4.0, 4.0, 27.0, 21.0, 4.0, 4.0, 5.0, 5.0, 4.0, 4.0, 4.0, 4.0, 4.0, 4.0, 7.0, 23.0, 50.0, 5.0, 5.0, 5.0, 4.0, 5.0, 4.0, 4.0, 4.0, 4.0, 4.0, 87.0, 55.0, 12.0, 4.0, 4.0, 5.0, 4.0, 4.0, 4.0, 4.0, 4.0, 6.0, 24.0, 50.0, 26.0, 4.0, 4.0, 4.0, 4.0, 4.0, 4.0, 4.0, 6.0, 5.0, 5.0, 42.0, 32.0, 4.0, 4.0, 4.0, 4.0, 4.0, 4.0]
All events
[0.0, 926336.0, 1517098.0, 2147715.0, 2666729.0, 3126088.0, 3418065.0, 3752811.0, 3963883.0, 4364247.0, 4623618.0, 0.0, 937338.0, 1528765.0, 2127948.0, 2698942.0, 3134998.0, 3518770.0, 3797243.0, 3975681.0, 4233045.0, 4698605.0, 0.0, 98141.0, 225158.0, 368039.0, 855884.0, 3085216.0, 3157465.0, 794749.0, 476614.0, 571711.0, 496006.0, 0.0, 106984.0, 237613.0, 354500.0, 337714.0, 496708.0, 2693931.0, 3759333.0, 1272454.0, 662896.0, 568462.0, 0.0, 77010.0, 227343.0, 359205.0, 366089.0, 457798.0, 556607.0, 554628.0, 3860886.0, 3790860.0, 615974.0, 0.0, 95011.0, 231121.0, 332146.0, 313171.0, 527377.0, 556905.0, 543784.0, 489108.0, 1292034.0, 4465230.0, 0.0, 90627.0, 218159.0, 368948.0, 357351.0, 426376.0, 564465.0, 656297.0, 592247.0, 636018.0, 561697.0, 0.0, 884992.0, 473679.0, 303791.0, 524062.0, 578516.0, 579871.0, 513491.0, 600470.0, 627269.0, 546605.0, 0.0, 399344.0, 1493919.0, 1389116.0, 428326.0, 507688.0, 567773.0, 671338.0, 563442.0, 612774.0, 563167.0, 0.0, 100833.0, 246796.0, 2041048.0, 2521260.0, 494302.0, 447801.0, 551851.0, 590242.0, 483658.0, 601654.0]
