iterations 10 | time 20 | threads 500 | depth 1500 | governor performance
Relative amounts of jobs
[12.27324, 12.00605, 11.22205, 9.6857, 8.60638, 8.22669, 7.57629, 8.07903, 7.61496, 7.49543, 7.21418]
Relative amounts of events
[0.0, 4.76884, 8.51169, 10.82562, 11.50559, 11.33242, 10.85139, 10.61719, 10.52624, 10.52261, 10.53842]
Total amounts of jobs
[3491.0, 3415.0, 3192.0, 2755.0, 2448.0, 2340.0, 2155.0, 2298.0, 2166.0, 2132.0, 2052.0]
Total amounts of events
[0.0, 107891443.0, 192570533.0, 244921413.0, 260305254.0, 256387511.0, 245504553.0, 240205879.0, 238148275.0, 238066116.0, 238423796.0]
Events to Jobs
jobs = -5.553207026471922e-06 * events + 372.79739223897946
r^2 = 0.6853148569120059
Probes to Jobs
jobs = -15.101818181818182 * probes + 334.09090909090907
r^2 = 0.8564538526722768
Probes to Events
events = 1659381.0263636361 * probes + 12270592.804545457
r^2 = 0.46530242376706177
All jobs
[349.0, 340.0, 323.0, 277.0, 253.0, 239.0, 213.0, 226.0, 215.0, 215.0, 209.0, 349.0, 342.0, 322.0, 275.0, 245.0, 227.0, 216.0, 232.0, 216.0, 214.0, 204.0, 350.0, 339.0, 319.0, 279.0, 243.0, 231.0, 216.0, 231.0, 214.0, 214.0, 212.0, 349.0, 342.0, 313.0, 277.0, 239.0, 241.0, 214.0, 231.0, 219.0, 217.0, 208.0, 349.0, 344.0, 327.0, 278.0, 242.0, 239.0, 221.0, 230.0, 222.0, 212.0, 208.0, 348.0, 342.0, 319.0, 273.0, 243.0, 233.0, 220.0, 227.0, 220.0, 214.0, 204.0, 349.0, 341.0, 319.0, 274.0, 249.0, 229.0, 214.0, 228.0, 215.0, 211.0, 200.0, 350.0, 342.0, 317.0, 271.0, 248.0, 230.0, 213.0, 230.0, 218.0, 209.0, 203.0, 349.0, 342.0, 313.0, 276.0, 236.0, 237.0, 213.0, 228.0, 210.0, 215.0, 202.0, 349.0, 341.0, 320.0, 275.0, 250.0, 234.0, 215.0, 235.0, 217.0, 211.0, 202.0]
All events
[0.0, 10790857.0, 19232206.0, 24499288.0, 26039874.0, 25715221.0, 24585735.0, 23876088.0, 24010571.0, 23867056.0, 23632100.0, 0.0, 10764090.0, 19304467.0, 24584299.0, 26095036.0, 25654128.0, 24614438.0, 23990421.0, 23650167.0, 23768008.0, 23876472.0, 0.0, 10765027.0, 19208563.0, 24522966.0, 25955279.0, 25660427.0, 24672712.0, 24020745.0, 23791718.0, 23631504.0, 23893708.0, 0.0, 10770647.0, 19401243.0, 24399690.0, 25992704.0, 25625897.0, 24669136.0, 23987535.0, 23702906.0, 23800503.0, 23870645.0, 0.0, 10821221.0, 19048546.0, 24486791.0, 26173978.0, 25629316.0, 24480337.0, 24230670.0, 23768983.0, 23856357.0, 24057292.0, 0.0, 10802097.0, 19065477.0, 24409017.0, 26050835.0, 25413852.0, 24634972.0, 23849546.0, 23917021.0, 23798331.0, 23768343.0, 0.0, 10807433.0, 19300658.0, 24468084.0, 26093349.0, 25705270.0, 24332277.0, 24091873.0, 23766249.0, 23804547.0, 23784681.0, 0.0, 10820576.0, 19448826.0, 24422272.0, 26034315.0, 25705188.0, 24483326.0, 24130661.0, 23794534.0, 23791208.0, 23877164.0, 0.0, 10774699.0, 19240265.0, 24535262.0, 26017846.0, 25569748.0, 24524820.0, 24029253.0, 23926412.0, 23954470.0, 23841862.0, 0.0, 10774796.0, 19320282.0, 24593744.0, 25852038.0, 25708464.0, 24506800.0, 23999087.0, 23819714.0, 23794132.0, 23821529.0]
