iterations 10 | time 20 | threads 500 | depth 1500 | governor performance
Relative amounts of jobs
[12.28966, 12.03971, 11.2265, 9.64585, 8.55805, 8.26938, 7.56882, 8.01239, 7.62163, 7.48785, 7.28015]
Relative amounts of events
[0.0, 4.7601, 8.50231, 10.83284, 11.52359, 11.33725, 10.8487, 10.6272, 10.52182, 10.51418, 10.532]
Total amounts of jobs
[3491.0, 3420.0, 3189.0, 2740.0, 2431.0, 2349.0, 2150.0, 2276.0, 2165.0, 2127.0, 2068.0]
Total amounts of events
[0.0, 107691504.0, 192354535.0, 245079978.0, 260707514.0, 256491774.0, 245438877.0, 240427800.0, 238043704.0, 237870693.0, 238274011.0]
Events to Jobs
jobs = -5.580846094144986e-06 * events + 373.0181523909247
r^2 = 0.6922298912559912
Probes to Jobs
jobs = -15.061818181818179 * probes + 333.54545454545456
r^2 = 0.8508159815595482
Probes to Events
events = 1658710.295454545 * probes + 12273542.977272728
r^2 = 0.46427111154499523
All jobs
[349.0, 342.0, 317.0, 273.0, 249.0, 239.0, 214.0, 229.0, 217.0, 214.0, 206.0, 349.0, 343.0, 318.0, 272.0, 241.0, 238.0, 219.0, 230.0, 216.0, 209.0, 208.0, 349.0, 341.0, 319.0, 269.0, 249.0, 234.0, 219.0, 230.0, 213.0, 214.0, 203.0, 349.0, 341.0, 319.0, 277.0, 243.0, 238.0, 210.0, 225.0, 214.0, 214.0, 205.0, 349.0, 340.0, 318.0, 279.0, 246.0, 227.0, 216.0, 222.0, 213.0, 211.0, 208.0, 349.0, 342.0, 320.0, 275.0, 234.0, 233.0, 219.0, 226.0, 219.0, 216.0, 208.0, 350.0, 344.0, 315.0, 270.0, 248.0, 234.0, 210.0, 230.0, 219.0, 216.0, 207.0, 349.0, 341.0, 322.0, 277.0, 241.0, 238.0, 214.0, 229.0, 223.0, 208.0, 205.0, 349.0, 343.0, 322.0, 275.0, 240.0, 236.0, 216.0, 228.0, 214.0, 215.0, 210.0, 349.0, 343.0, 319.0, 273.0, 240.0, 232.0, 213.0, 227.0, 217.0, 210.0, 208.0]
All events
[0.0, 10825460.0, 19227850.0, 24407632.0, 26083926.0, 25572840.0, 24585704.0, 23945804.0, 24080336.0, 23710000.0, 23815288.0, 0.0, 10821038.0, 19356312.0, 24524629.0, 26086383.0, 25813766.0, 24450349.0, 24059916.0, 23863314.0, 23772710.0, 23848320.0, 0.0, 10794314.0, 19181295.0, 24620370.0, 25897148.0, 25558383.0, 24546955.0, 24034459.0, 23762013.0, 23780778.0, 23824213.0, 0.0, 10797200.0, 19089429.0, 24565444.0, 26226176.0, 25669487.0, 24566779.0, 24033890.0, 23867103.0, 23696104.0, 23819144.0, 0.0, 10650118.0, 19212540.0, 24487979.0, 26150614.0, 25645843.0, 24689056.0, 24014867.0, 23746176.0, 23973054.0, 23851604.0, 0.0, 10798978.0, 19358968.0, 24566086.0, 26060127.0, 25674375.0, 24714666.0, 24097550.0, 23643984.0, 23903749.0, 23828093.0, 0.0, 10776036.0, 19101808.0, 24600415.0, 25992687.0, 25624678.0, 24339418.0, 24021665.0, 23817536.0, 23777515.0, 23970282.0, 0.0, 10716027.0, 19281095.0, 24305566.0, 26095623.0, 25623540.0, 24392117.0, 24038982.0, 23778723.0, 23743166.0, 23810861.0, 0.0, 10712553.0, 19267128.0, 24429454.0, 26136626.0, 25577553.0, 24500319.0, 24122606.0, 23757926.0, 23754258.0, 23735660.0, 0.0, 10799780.0, 19278110.0, 24572403.0, 25978204.0, 25731309.0, 24653514.0, 24058061.0, 23726593.0, 23759359.0, 23770546.0]
