iterations 10 | time 20 | threads 500 | depth 1500 | governor powersave
Relative amounts of jobs
[16.0725, 12.76251, 9.41542, 9.10482, 8.3909, 8.15447, 7.86704, 7.45909, 7.1763, 6.9816, 6.61536]
Relative amounts of events
[0.0, 4.79457, 8.44221, 9.61721, 10.58518, 10.92049, 11.07355, 11.16374, 11.15057, 11.14381, 11.10868]
Total amounts of jobs
[3467.0, 2753.0, 2031.0, 1964.0, 1810.0, 1759.0, 1697.0, 1609.0, 1548.0, 1506.0, 1427.0]
Total amounts of events
[0.0, 101460641.0, 178650192.0, 203515055.0, 223998884.0, 231094510.0, 234333535.0, 236242000.0, 235963395.0, 235820291.0, 235076940.0]
Events to Jobs
jobs = -8.05387701080037e-06 * events + 351.03868794234336
r^2 = 0.9722195395300632
Probes to Jobs
jobs = -15.872727272727273 * probes + 275.46363636363634
r^2 = 0.7237374598631698
Probes to Events
events = 1782319.5 * probes + 10326179.254545454
r^2 = 0.6088281186644149
All jobs
[347.0, 272.0, 198.0, 197.0, 180.0, 178.0, 169.0, 160.0, 156.0, 155.0, 143.0, 347.0, 274.0, 204.0, 194.0, 182.0, 183.0, 166.0, 163.0, 155.0, 153.0, 140.0, 346.0, 281.0, 203.0, 197.0, 184.0, 174.0, 170.0, 161.0, 158.0, 146.0, 141.0, 347.0, 276.0, 202.0, 197.0, 183.0, 175.0, 166.0, 160.0, 156.0, 154.0, 148.0, 346.0, 281.0, 206.0, 195.0, 180.0, 177.0, 172.0, 160.0, 150.0, 150.0, 142.0, 347.0, 277.0, 206.0, 195.0, 176.0, 174.0, 166.0, 163.0, 157.0, 145.0, 145.0, 347.0, 282.0, 199.0, 197.0, 183.0, 175.0, 176.0, 158.0, 153.0, 153.0, 140.0, 346.0, 272.0, 205.0, 198.0, 182.0, 176.0, 171.0, 158.0, 159.0, 152.0, 145.0, 347.0, 266.0, 206.0, 195.0, 182.0, 170.0, 170.0, 165.0, 155.0, 148.0, 138.0, 347.0, 272.0, 202.0, 199.0, 178.0, 177.0, 171.0, 161.0, 149.0, 150.0, 145.0]
All events
[0.0, 10098632.0, 17827906.0, 20410886.0, 22165602.0, 23096223.0, 23588913.0, 23513018.0, 23876966.0, 23513014.0, 23622597.0, 0.0, 10147187.0, 17798488.0, 20260595.0, 22401432.0, 23264473.0, 23247485.0, 23687462.0, 23502962.0, 23774070.0, 23612375.0, 0.0, 10153088.0, 17884545.0, 20356047.0, 22491411.0, 23182276.0, 23443183.0, 23520633.0, 23661780.0, 23772227.0, 23469356.0, 0.0, 10169215.0, 17745135.0, 20397324.0, 22431152.0, 22945617.0, 23519330.0, 23446204.0, 23699446.0, 23603652.0, 23527110.0, 0.0, 10169985.0, 17930992.0, 20326928.0, 22554371.0, 23218575.0, 23347164.0, 23656833.0, 23445728.0, 23483195.0, 23329063.0, 0.0, 10135764.0, 17951189.0, 20380139.0, 22385565.0, 23068927.0, 23380171.0, 23645516.0, 23487769.0, 23541762.0, 23433677.0, 0.0, 10218503.0, 17951473.0, 20313607.0, 22627255.0, 23003018.0, 23555026.0, 23648385.0, 23294390.0, 23652810.0, 23395557.0, 0.0, 10141880.0, 17814444.0, 20238817.0, 22400755.0, 23075845.0, 23450080.0, 23489363.0, 23454713.0, 23585760.0, 23617279.0, 0.0, 10024924.0, 17787322.0, 20348089.0, 22351482.0, 22987509.0, 23517109.0, 23806945.0, 23731662.0, 23239295.0, 23581393.0, 0.0, 10201463.0, 17958698.0, 20482623.0, 22189859.0, 23252047.0, 23285074.0, 23827641.0, 23807979.0, 23654506.0, 23488533.0]
