iterations 10 | time 20 | threads 500 | depth 1500 | governor powersave
Relative amounts of jobs
[22.69036, 17.21912, 15.07588, 9.31842, 7.40149, 6.60942, 5.68424, 4.75905, 4.09345, 3.74068, 3.40788]
Relative amounts of events
[0.0, 4.98208, 6.33753, 8.93526, 10.03316, 10.4963, 10.98341, 11.52457, 12.00113, 12.25441, 12.45215]
Total amounts of jobs
[3409.0, 2587.0, 2265.0, 1400.0, 1112.0, 993.0, 854.0, 715.0, 615.0, 562.0, 512.0]
Total amounts of events
[0.0, 73160619.0, 93065179.0, 131212140.0, 147334582.0, 154135624.0, 161288768.0, 169235578.0, 176233766.0, 179953050.0, 182856879.0]
Events to Jobs
jobs = -1.6864985741500307e-05 * events + 361.72572656143427
r^2 = 0.9842736239904553
Probes to Jobs
jobs = -26.511818181818178 * probes + 269.1409090909091
r^2 = 0.8306797878068151
Probes to Events
events = 1528146.3109090908 * probes + 5709051.945454546
r^2 = 0.7975181985702757
All jobs
[341.0, 259.0, 224.0, 139.0, 106.0, 101.0, 85.0, 73.0, 61.0, 57.0, 50.0, 341.0, 259.0, 229.0, 137.0, 110.0, 98.0, 83.0, 70.0, 60.0, 58.0, 53.0, 341.0, 259.0, 228.0, 141.0, 112.0, 100.0, 87.0, 75.0, 60.0, 55.0, 53.0, 341.0, 259.0, 224.0, 139.0, 115.0, 96.0, 85.0, 71.0, 63.0, 54.0, 50.0, 341.0, 259.0, 228.0, 136.0, 114.0, 105.0, 83.0, 72.0, 63.0, 56.0, 52.0, 341.0, 259.0, 229.0, 144.0, 111.0, 102.0, 86.0, 68.0, 62.0, 57.0, 51.0, 341.0, 258.0, 226.0, 139.0, 111.0, 99.0, 86.0, 73.0, 59.0, 56.0, 51.0, 341.0, 258.0, 224.0, 139.0, 113.0, 97.0, 86.0, 73.0, 62.0, 56.0, 49.0, 341.0, 258.0, 223.0, 141.0, 113.0, 95.0, 83.0, 69.0, 63.0, 56.0, 50.0, 340.0, 259.0, 230.0, 145.0, 107.0, 100.0, 90.0, 71.0, 62.0, 57.0, 53.0]
All events
[0.0, 7331309.0, 9353686.0, 13252588.0, 14836417.0, 15377516.0, 16063557.0, 16916526.0, 17472908.0, 18142598.0, 18068676.0, 0.0, 7298483.0, 9369552.0, 13272209.0, 14683098.0, 15599047.0, 16022842.0, 16855932.0, 17706057.0, 18024699.0, 18172200.0, 0.0, 7311269.0, 8924900.0, 13064795.0, 14656368.0, 15525735.0, 15888692.0, 17055911.0, 17582430.0, 17805030.0, 18451213.0, 0.0, 7313982.0, 9444380.0, 12964222.0, 14823348.0, 15334632.0, 15969373.0, 17008920.0, 17529184.0, 18125343.0, 18501269.0, 0.0, 7327132.0, 9270175.0, 13236522.0, 14539759.0, 15366083.0, 16174166.0, 16766972.0, 17762372.0, 17892685.0, 18082717.0, 0.0, 7322656.0, 9297633.0, 13017739.0, 14779567.0, 15234737.0, 16372331.0, 16808962.0, 17665993.0, 17908289.0, 18224349.0, 0.0, 7319536.0, 9383232.0, 13190947.0, 14814870.0, 15397984.0, 16337379.0, 17161521.0, 17458475.0, 17996792.0, 18806892.0, 0.0, 7299318.0, 9470235.0, 13215579.0, 14532212.0, 15525977.0, 16282971.0, 16749173.0, 17836781.0, 17839812.0, 18309851.0, 0.0, 7301874.0, 9391764.0, 12977163.0, 14799966.0, 15357361.0, 16304650.0, 16929256.0, 17638002.0, 18081969.0, 18292724.0, 0.0, 7335060.0, 9159622.0, 13020376.0, 14868977.0, 15416552.0, 15872807.0, 16982405.0, 17581564.0, 18135833.0, 17946988.0]
