iterations 10 | time 20 | threads 500 | depth 1500 | governor X
Relative amounts of jobs
[15.29713, 10.4919, 9.86636, 9.75263, 8.55843, 7.02303, 7.8476, 6.6534, 7.81916, 7.7623, 8.92806]
Relative amounts of events
[0.0, 2.33922, 5.42952, 8.94052, 10.96127, 10.59746, 12.39495, 10.77048, 12.42375, 12.01356, 14.12926]
Total amounts of jobs
[538.0, 369.0, 347.0, 343.0, 301.0, 247.0, 276.0, 234.0, 275.0, 273.0, 314.0]
Total amounts of events
[0.0, 6590407.0, 15296836.0, 25188571.0, 30881700.0, 29856742.0, 34920895.0, 30344197.0, 35002041.0, 33846394.0, 39807032.0]
Events to Jobs
jobs = 6.215922770428278e-06 * events + 16.05234680199183
r^2 = 0.39665126683224183
Probes to Jobs
jobs = -1.7845454545454544 * probes + 40.89545454545454
r^2 = 0.042204091181459735
Probes to Events
events = 346841.0636363636 * probes + 827020.2727272729
r^2 = 0.15529687504205592
All jobs
[85.0, 61.0, 65.0, 65.0, 63.0, 62.0, 60.0, 60.0, 61.0, 61.0, 60.0, 86.0, 66.0, 64.0, 63.0, 60.0, 61.0, 61.0, 60.0, 61.0, 62.0, 61.0, 86.0, 66.0, 66.0, 62.0, 62.0, 63.0, 61.0, 57.0, 60.0, 62.0, 60.0, 85.0, 66.0, 65.0, 63.0, 35.0, 6.0, 6.0, 6.0, 6.0, 13.0, 57.0, 76.0, 10.0, 8.0, 7.0, 6.0, 6.0, 6.0, 6.0, 7.0, 7.0, 6.0, 34.0, 63.0, 47.0, 7.0, 7.0, 7.0, 6.0, 6.0, 7.0, 6.0, 6.0, 22.0, 9.0, 8.0, 55.0, 47.0, 6.0, 5.0, 6.0, 5.0, 7.0, 6.0, 21.0, 10.0, 8.0, 7.0, 7.0, 24.0, 58.0, 21.0, 6.0, 7.0, 6.0, 20.0, 9.0, 8.0, 7.0, 7.0, 6.0, 7.0, 6.0, 56.0, 41.0, 6.0, 23.0, 9.0, 8.0, 7.0, 7.0, 6.0, 6.0, 6.0, 6.0, 7.0, 46.0]
All events
[0.0, 1047625.0, 2696458.0, 4557930.0, 6137333.0, 6928602.0, 7200282.0, 7473958.0, 7832341.0, 8194315.0, 8037714.0, 0.0, 1113961.0, 2659738.0, 4419614.0, 5626583.0, 6851709.0, 7239392.0, 7449148.0, 7842036.0, 8060430.0, 8058112.0, 0.0, 1099385.0, 2711054.0, 4330393.0, 5997328.0, 7019379.0, 7331567.0, 6738404.0, 7999365.0, 7830108.0, 8161931.0, 0.0, 1108078.0, 2751860.0, 4454100.0, 3518889.0, 965719.0, 962561.0, 981521.0, 752253.0, 1467711.0, 7530537.0, 0.0, 228598.0, 508694.0, 810400.0, 896431.0, 1131791.0, 1021073.0, 1064256.0, 766231.0, 583090.0, 463912.0, 0.0, 1086745.0, 2056086.0, 734189.0, 1044402.0, 1062734.0, 1155540.0, 927378.0, 693793.0, 619081.0, 329283.0, 0.0, 210468.0, 452998.0, 3752485.0, 4667573.0, 1019927.0, 899050.0, 1017522.0, 687357.0, 586776.0, 476695.0, 0.0, 246301.0, 490606.0, 716266.0, 964257.0, 2688698.0, 6832553.0, 2817385.0, 715197.0, 543418.0, 410173.0, 0.0, 214148.0, 497483.0, 702073.0, 1008246.0, 1112464.0, 1127501.0, 954663.0, 6937487.0, 5347571.0, 437414.0, 0.0, 235098.0, 471859.0, 711121.0, 1020658.0, 1075719.0, 1151376.0, 919962.0, 775981.0, 613894.0, 5901261.0]
