iterations 10 | time 20 | threads 500 | depth 1500 | governor X
Relative amounts of jobs
[19.40299, 12.31343, 12.54664, 9.23507, 8.2556, 7.46269, 7.22948, 6.52985, 6.15672, 5.83022, 5.03731]
Relative amounts of events
[0.0, 2.95907, 5.86286, 6.95514, 8.98001, 10.46094, 11.49318, 12.17725, 13.27436, 14.39166, 13.44553]
Total amounts of jobs
[416.0, 264.0, 269.0, 198.0, 177.0, 160.0, 155.0, 140.0, 132.0, 125.0, 108.0]
Total amounts of events
[0.0, 4349449.0, 8617634.0, 10223140.0, 13199425.0, 15376195.0, 16893460.0, 17898951.0, 19511558.0, 21153837.0, 19763147.0]
Events to Jobs
jobs = 4.848148904110811e-06 * events + 13.012601145944007
r^2 = 0.10087946875120923
Probes to Jobs
jobs = -2.4045454545454548 * probes + 31.513636363636365
r^2 = 0.1271559730741466
Probes to Events
events = 197964.28727272726 * probes + 346422.1636363638
r^2 = 0.20081382032776818
All jobs
[89.0, 56.0, 51.0, 48.0, 35.0, 35.0, 31.0, 28.0, 26.0, 24.0, 22.0, 89.0, 55.0, 48.0, 43.0, 41.0, 36.0, 35.0, 30.0, 28.0, 25.0, 23.0, 91.0, 58.0, 49.0, 44.0, 39.0, 35.0, 33.0, 30.0, 27.0, 27.0, 16.0, 91.0, 58.0, 47.0, 8.0, 4.0, 4.0, 4.0, 4.0, 4.0, 3.0, 4.0, 6.0, 12.0, 50.0, 34.0, 3.0, 4.0, 4.0, 4.0, 4.0, 3.0, 4.0, 6.0, 5.0, 5.0, 4.0, 37.0, 30.0, 4.0, 4.0, 4.0, 4.0, 4.0, 5.0, 4.0, 5.0, 4.0, 4.0, 4.0, 32.0, 27.0, 5.0, 4.0, 4.0, 7.0, 5.0, 4.0, 5.0, 5.0, 4.0, 4.0, 5.0, 26.0, 20.0, 4.0, 6.0, 6.0, 5.0, 4.0, 5.0, 4.0, 4.0, 4.0, 4.0, 12.0, 23.0, 26.0, 5.0, 5.0, 4.0, 4.0, 4.0, 4.0, 4.0, 4.0, 3.0, 4.0]
All events
[0.0, 889496.0, 1542146.0, 1997782.0, 2731863.0, 3043216.0, 3390743.0, 3620394.0, 3972097.0, 4283621.0, 4321017.0, 0.0, 922909.0, 1517241.0, 2096683.0, 2636972.0, 3155396.0, 3517655.0, 3725522.0, 3968358.0, 4277468.0, 4357396.0, 0.0, 941615.0, 1487848.0, 2069093.0, 2675700.0, 3145191.0, 3501921.0, 3627001.0, 4004349.0, 4371179.0, 2985386.0, 0.0, 919857.0, 1462848.0, 630879.0, 334300.0, 461223.0, 465132.0, 609618.0, 596923.0, 431347.0, 562354.0, 0.0, 213934.0, 1484817.0, 1799846.0, 407252.0, 573054.0, 569685.0, 552337.0, 666614.0, 429154.0, 768203.0, 0.0, 90069.0, 263429.0, 289833.0, 2647313.0, 2797358.0, 556488.0, 527794.0, 605012.0, 529229.0, 624605.0, 0.0, 65472.0, 235876.0, 346578.0, 455833.0, 569542.0, 3331429.0, 3468392.0, 689421.0, 633891.0, 545472.0, 0.0, 95382.0, 179727.0, 388541.0, 471538.0, 523408.0, 484485.0, 691520.0, 3876033.0, 3698789.0, 601698.0, 0.0, 114589.0, 220700.0, 302281.0, 487504.0, 570754.0, 518896.0, 526107.0, 579910.0, 2109427.0, 4354040.0, 0.0, 96126.0, 223002.0, 301624.0, 351150.0, 537053.0, 557026.0, 550266.0, 552841.0, 389732.0, 642976.0]
