iterations 10 | time 20 | threads 500 | depth 1500 | governor X
Relative amounts of jobs
[13.88354, 10.70741, 9.35996, 9.76901, 8.97498, 8.13282, 7.72377, 7.2666, 7.96439, 8.22907, 7.98845]
Relative amounts of events
[0.0, 2.25979, 4.98523, 8.67978, 11.00398, 11.70027, 11.85145, 11.41424, 12.69303, 12.88043, 12.53179]
Total amounts of jobs
[577.0, 445.0, 389.0, 406.0, 373.0, 338.0, 321.0, 302.0, 331.0, 342.0, 332.0]
Total amounts of events
[0.0, 7701025.0, 16988899.0, 29579327.0, 37499864.0, 39872706.0, 40387896.0, 38897959.0, 43255866.0, 43894504.0, 42706389.0]
Events to Jobs
jobs = 5.563928719164415e-06 * events + 20.5445426823571
r^2 = 0.3620198170622685
Probes to Jobs
jobs = -1.8827272727272724 * probes + 47.195454545454545
r^2 = 0.04590084442191844
Probes to Events
events = 416938.2345454546 * probes + 1013349.1454545453
r^2 = 0.19249527084028595
All jobs
[86.0, 68.0, 67.0, 64.0, 64.0, 61.0, 62.0, 59.0, 59.0, 60.0, 59.0, 84.0, 64.0, 52.0, 55.0, 63.0, 61.0, 61.0, 61.0, 60.0, 61.0, 58.0, 87.0, 69.0, 67.0, 63.0, 58.0, 62.0, 58.0, 60.0, 58.0, 60.0, 56.0, 85.0, 69.0, 66.0, 65.0, 63.0, 64.0, 61.0, 61.0, 63.0, 60.0, 62.0, 85.0, 69.0, 67.0, 64.0, 57.0, 8.0, 6.0, 6.0, 6.0, 56.0, 62.0, 29.0, 9.0, 9.0, 7.0, 8.0, 6.0, 5.0, 6.0, 6.0, 6.0, 7.0, 55.0, 67.0, 31.0, 8.0, 7.0, 7.0, 6.0, 6.0, 7.0, 7.0, 7.0, 21.0, 9.0, 12.0, 65.0, 40.0, 6.0, 6.0, 6.0, 6.0, 7.0, 7.0, 22.0, 11.0, 9.0, 7.0, 6.0, 57.0, 50.0, 6.0, 6.0, 7.0, 7.0, 23.0, 10.0, 9.0, 8.0, 7.0, 6.0, 6.0, 31.0, 60.0, 18.0, 7.0]
All events
[0.0, 1128654.0, 2711577.0, 4495050.0, 6018942.0, 6773829.0, 7378281.0, 7183509.0, 7664446.0, 8027256.0, 7938783.0, 0.0, 1081204.0, 2239174.0, 4011410.0, 6051522.0, 6842851.0, 7244729.0, 7659692.0, 7673100.0, 8142975.0, 7974176.0, 0.0, 1119978.0, 2708675.0, 4402015.0, 5537402.0, 7071787.0, 6760259.0, 7468474.0, 7643709.0, 7895821.0, 7646910.0, 0.0, 1156521.0, 2771752.0, 4573823.0, 6148663.0, 7139371.0, 7334841.0, 7599760.0, 8139444.0, 8113807.0, 8346597.0, 0.0, 1174513.0, 2819995.0, 4451859.0, 5619450.0, 1467128.0, 1107487.0, 1010693.0, 707591.0, 7316153.0, 8549263.0, 0.0, 223668.0, 594560.0, 742027.0, 1054077.0, 1028331.0, 945346.0, 1011094.0, 952957.0, 558610.0, 468679.0, 0.0, 1088650.0, 1384638.0, 865795.0, 1022920.0, 1136870.0, 1170787.0, 1059847.0, 877171.0, 587413.0, 413460.0, 0.0, 241684.0, 642681.0, 4517466.0, 4033178.0, 1125924.0, 1169803.0, 1049207.0, 798082.0, 617048.0, 466953.0, 0.0, 243082.0, 568673.0, 715203.0, 898654.0, 6235344.0, 6079218.0, 966934.0, 769467.0, 699031.0, 492927.0, 0.0, 243071.0, 547174.0, 804679.0, 1115056.0, 1051271.0, 1197145.0, 3888749.0, 8029899.0, 1936390.0, 408641.0]
