iterations 10 | time 20 | threads 500 | depth 1500 | governor performance
Relative amounts of jobs
[16.09686, 12.65482, 9.44473, 9.17103, 8.39171, 8.17832, 7.87679, 7.45002, 7.1253, 6.94902, 6.66141]
Relative amounts of events
[0.0, 4.78044, 8.43497, 9.65429, 10.58863, 10.91311, 11.07232, 11.13156, 11.14587, 11.12732, 11.15149]
Total amounts of jobs
[3470.0, 2728.0, 2036.0, 1977.0, 1809.0, 1763.0, 1698.0, 1606.0, 1536.0, 1498.0, 1436.0]
Total amounts of events
[0.0, 101136114.0, 178452408.0, 204248539.0, 224015832.0, 230880608.0, 234248737.0, 235502154.0, 235804931.0, 235412485.0, 235923693.0]
Events to Jobs
jobs = -8.031978741127801e-06 * events + 350.45144589290777
r^2 = 0.9726047467442447
Probes to Jobs
jobs = -15.857272727272731 * probes + 275.2590909090909
r^2 = 0.7263710595259327
Probes to Events
events = 1783201.5027272725 * probes + 10316951.58636364
r^2 = 0.6092718316907777
All jobs
[347.0, 273.0, 202.0, 196.0, 181.0, 177.0, 171.0, 163.0, 159.0, 150.0, 140.0, 347.0, 274.0, 205.0, 195.0, 179.0, 173.0, 172.0, 157.0, 160.0, 153.0, 140.0, 347.0, 275.0, 208.0, 202.0, 181.0, 180.0, 169.0, 161.0, 155.0, 144.0, 146.0, 347.0, 270.0, 205.0, 196.0, 183.0, 180.0, 171.0, 158.0, 147.0, 152.0, 143.0, 347.0, 277.0, 196.0, 196.0, 184.0, 176.0, 171.0, 161.0, 148.0, 149.0, 145.0, 347.0, 273.0, 203.0, 197.0, 177.0, 177.0, 171.0, 163.0, 156.0, 150.0, 144.0, 347.0, 275.0, 203.0, 198.0, 182.0, 173.0, 166.0, 163.0, 155.0, 151.0, 140.0, 347.0, 267.0, 202.0, 201.0, 177.0, 178.0, 168.0, 156.0, 153.0, 148.0, 147.0, 347.0, 273.0, 206.0, 194.0, 183.0, 171.0, 165.0, 166.0, 150.0, 152.0, 148.0, 347.0, 271.0, 206.0, 202.0, 182.0, 178.0, 174.0, 158.0, 153.0, 149.0, 143.0]
All events
[0.0, 10107949.0, 17888254.0, 20371086.0, 22569872.0, 23102378.0, 23648124.0, 23527476.0, 23522585.0, 23427263.0, 23464131.0, 0.0, 10115794.0, 17929821.0, 20324945.0, 22361601.0, 23072533.0, 23272940.0, 23680352.0, 23511167.0, 23578883.0, 23629323.0, 0.0, 10090376.0, 17782978.0, 20335166.0, 22519842.0, 23076691.0, 23420458.0, 23572626.0, 23584769.0, 23700921.0, 23639583.0, 0.0, 10101953.0, 17909947.0, 20364593.0, 22293177.0, 23083484.0, 23394554.0, 23321605.0, 23579846.0, 23649102.0, 23635258.0, 0.0, 10084340.0, 17853281.0, 20471023.0, 22397124.0, 22963752.0, 23324841.0, 23566675.0, 23526701.0, 23634255.0, 23619864.0, 0.0, 10182220.0, 17801804.0, 20464273.0, 22410159.0, 23249285.0, 23380728.0, 23474950.0, 23544255.0, 23530185.0, 23560578.0, 0.0, 10114973.0, 17835487.0, 20404117.0, 22531575.0, 23120760.0, 23415936.0, 23680509.0, 23577763.0, 23429619.0, 23401284.0, 0.0, 10027210.0, 18064253.0, 20486431.0, 22345896.0, 23131911.0, 23510271.0, 23524988.0, 23541955.0, 23594746.0, 23767614.0, 0.0, 10166136.0, 17545623.0, 20486693.0, 22425149.0, 22885053.0, 23387168.0, 23658109.0, 23834028.0, 23523944.0, 23728934.0, 0.0, 10145163.0, 17840960.0, 20540212.0, 22161437.0, 23194761.0, 23493717.0, 23494864.0, 23581862.0, 23343567.0, 23477124.0]
