iterations 10 | time 20 | threads 500 | depth 1500 | governor performance
Relative amounts of jobs
[10.89437, 11.09772, 10.96969, 9.20731, 8.9324, 9.06044, 9.29768, 8.25457, 7.5466, 7.47505, 7.26417]
Relative amounts of events
[0.0, 4.76211, 8.4878, 10.47186, 11.17568, 11.37071, 11.3469, 11.40965, 10.77496, 10.2607, 9.93961]
Total amounts of jobs
[2893.0, 2947.0, 2913.0, 2445.0, 2372.0, 2406.0, 2469.0, 2192.0, 2004.0, 1985.0, 1929.0]
Total amounts of events
[0.0, 110976956.0, 197801023.0, 244037801.0, 260439787.0, 264984789.0, 264429897.0, 265892126.0, 251101301.0, 239116868.0, 231634035.0]
Events to Jobs
jobs = -3.0126522746794134e-06 * events + 305.23389813110026
r^2 = 0.446129695961509
Probes to Jobs
jobs = -10.73090909090909 * probes + 295.06363636363636
r^2 = 0.8914318982777478
Probes to Events
events = 1707572.1972727268 * probes + 12647726.131818183
r^2 = 0.4592087681531768
All jobs
[295.0, 290.0, 299.0, 248.0, 239.0, 235.0, 249.0, 220.0, 195.0, 199.0, 185.0, 286.0, 292.0, 285.0, 245.0, 244.0, 237.0, 251.0, 220.0, 202.0, 204.0, 195.0, 286.0, 296.0, 290.0, 247.0, 235.0, 242.0, 245.0, 215.0, 201.0, 190.0, 198.0, 288.0, 299.0, 295.0, 240.0, 237.0, 242.0, 249.0, 215.0, 199.0, 202.0, 197.0, 290.0, 296.0, 293.0, 240.0, 234.0, 239.0, 242.0, 220.0, 208.0, 199.0, 188.0, 291.0, 293.0, 292.0, 244.0, 237.0, 239.0, 248.0, 218.0, 198.0, 197.0, 198.0, 289.0, 291.0, 294.0, 247.0, 235.0, 247.0, 246.0, 216.0, 203.0, 201.0, 186.0, 286.0, 299.0, 285.0, 246.0, 233.0, 241.0, 253.0, 226.0, 201.0, 204.0, 196.0, 291.0, 299.0, 294.0, 239.0, 239.0, 238.0, 247.0, 222.0, 199.0, 199.0, 188.0, 291.0, 292.0, 286.0, 249.0, 239.0, 246.0, 239.0, 220.0, 198.0, 190.0, 198.0]
All events
[0.0, 11092175.0, 19730612.0, 24272412.0, 26037702.0, 26425420.0, 26476480.0, 26510129.0, 25333225.0, 23976776.0, 23409165.0, 0.0, 11063278.0, 19810854.0, 24448557.0, 26140490.0, 26438849.0, 26327834.0, 26773577.0, 25089964.0, 23636580.0, 23112963.0, 0.0, 11101070.0, 19814423.0, 24390507.0, 26304513.0, 26566481.0, 26512499.0, 26887012.0, 25071521.0, 24089655.0, 23117857.0, 0.0, 11088131.0, 19722294.0, 24637496.0, 25974069.0, 26575363.0, 26375204.0, 26598438.0, 25068664.0, 24040406.0, 23088801.0, 0.0, 11146965.0, 19796643.0, 24434720.0, 25974038.0, 26490018.0, 26578662.0, 26382100.0, 24987233.0, 23857711.0, 23074595.0, 0.0, 11039844.0, 19844375.0, 24421720.0, 26021342.0, 26656928.0, 26353397.0, 26709668.0, 25214539.0, 23822438.0, 23017446.0, 0.0, 11090687.0, 19773439.0, 24347453.0, 26045161.0, 26433797.0, 26339043.0, 26573096.0, 25081717.0, 23889326.0, 23323996.0, 0.0, 11086986.0, 19744812.0, 24432162.0, 25944454.0, 26338630.0, 26394462.0, 26416002.0, 24920413.0, 23777876.0, 22989992.0, 0.0, 11131873.0, 19773364.0, 24396260.0, 26037189.0, 26595852.0, 26580917.0, 26507316.0, 25082290.0, 23915912.0, 23375350.0, 0.0, 11135947.0, 19790207.0, 24256514.0, 25960829.0, 26463451.0, 26491399.0, 26534788.0, 25251735.0, 24110188.0, 23123870.0]
