iterations 10 | time 20 | threads 500 | depth 1500 | governor performance
Relative amounts of jobs
[16.10688, 12.79458, 9.53331, 9.0926, 8.41529, 8.1555, 7.86324, 7.46892, 7.11635, 6.83336, 6.61997]
Relative amounts of events
[0.0, 4.79047, 8.44665, 9.63906, 10.55444, 10.93664, 11.08814, 11.14517, 11.14128, 11.1396, 11.11855]
Total amounts of jobs
[3472.0, 2758.0, 2055.0, 1960.0, 1814.0, 1758.0, 1695.0, 1610.0, 1534.0, 1473.0, 1427.0]
Total amounts of events
[0.0, 101416014.0, 178818494.0, 204062328.0, 223441154.0, 231532391.0, 234739772.0, 235947153.0, 235864718.0, 235829265.0, 235383487.0]
Events to Jobs
jobs = -8.118369199374241e-06 * events + 352.20790835893223
r^2 = 0.9705030942149302
Probes to Jobs
jobs = -16.133636363636366 * probes + 276.6318181818182
r^2 = 0.7341145239695532
Probes to Events
events = 1782524.8899999997 * probes + 10333146.240909092
r^2 = 0.6085708763031243
All jobs
[348.0, 272.0, 204.0, 196.0, 183.0, 178.0, 170.0, 163.0, 159.0, 143.0, 142.0, 347.0, 284.0, 204.0, 200.0, 183.0, 176.0, 163.0, 161.0, 160.0, 145.0, 145.0, 347.0, 284.0, 204.0, 197.0, 179.0, 175.0, 172.0, 162.0, 143.0, 144.0, 142.0, 348.0, 278.0, 206.0, 197.0, 178.0, 176.0, 169.0, 157.0, 154.0, 151.0, 144.0, 347.0, 268.0, 208.0, 195.0, 177.0, 177.0, 168.0, 161.0, 154.0, 146.0, 144.0, 347.0, 274.0, 212.0, 195.0, 181.0, 174.0, 174.0, 161.0, 147.0, 146.0, 137.0, 347.0, 275.0, 202.0, 195.0, 183.0, 176.0, 165.0, 158.0, 153.0, 147.0, 143.0, 347.0, 272.0, 204.0, 195.0, 183.0, 174.0, 174.0, 167.0, 154.0, 152.0, 141.0, 347.0, 272.0, 203.0, 196.0, 182.0, 176.0, 173.0, 161.0, 160.0, 147.0, 144.0, 347.0, 279.0, 208.0, 194.0, 185.0, 176.0, 167.0, 159.0, 150.0, 152.0, 145.0]
All events
[0.0, 10049716.0, 17879801.0, 20334255.0, 22355976.0, 23227892.0, 23499349.0, 23438146.0, 23709027.0, 23540969.0, 23519821.0, 0.0, 10171481.0, 17880291.0, 20524437.0, 22272019.0, 23063721.0, 23546633.0, 23673128.0, 23544938.0, 23440792.0, 23527713.0, 0.0, 10226717.0, 17807861.0, 20397827.0, 22321921.0, 23324942.0, 23551608.0, 23514342.0, 23441977.0, 23649861.0, 23365325.0, 0.0, 10118688.0, 17943224.0, 20444027.0, 22267529.0, 23197594.0, 23545147.0, 23661652.0, 23554174.0, 23695449.0, 23649913.0, 0.0, 10105615.0, 17906668.0, 20433019.0, 22437289.0, 23153205.0, 23434157.0, 23624109.0, 23384710.0, 23461332.0, 23603164.0, 0.0, 10146955.0, 17714672.0, 20420838.0, 22515709.0, 23053527.0, 23506331.0, 23708515.0, 23628506.0, 23371745.0, 23788599.0, 0.0, 10170065.0, 17930403.0, 20279286.0, 22364111.0, 23202356.0, 23362611.0, 23676727.0, 23696413.0, 23646568.0, 23513951.0, 0.0, 10097706.0, 17828255.0, 20368530.0, 22317635.0, 23026976.0, 23481948.0, 23587831.0, 23588844.0, 23673747.0, 23736071.0, 0.0, 10112873.0, 17954448.0, 20427791.0, 22418216.0, 23118022.0, 23441469.0, 23571509.0, 23699372.0, 23755810.0, 23348676.0, 0.0, 10216198.0, 17972871.0, 20432318.0, 22170749.0, 23164156.0, 23370519.0, 23491194.0, 23616757.0, 23592992.0, 23330254.0]
