iterations 10 | time 20 | threads 500 | depth 1500 | governor powersave
Relative amounts of jobs
[12.24182, 12.02754, 11.20556, 9.60728, 8.55346, 8.2584, 7.598, 8.07573, 7.67177, 7.52073, 7.23971]
Relative amounts of events
[0.0, 4.77692, 8.523, 10.82303, 11.52478, 11.3054, 10.84754, 10.62175, 10.51329, 10.51293, 10.55136]
Total amounts of jobs
[3485.0, 3424.0, 3190.0, 2735.0, 2435.0, 2351.0, 2163.0, 2299.0, 2184.0, 2141.0, 2061.0]
Total amounts of events
[0.0, 108062509.0, 192805546.0, 244836370.0, 260711075.0, 255748341.0, 245390809.0, 240283082.0, 237829418.0, 237821286.0, 238690583.0]
Events to Jobs
jobs = -5.5367489848382785e-06 * events + 372.6647035179155
r^2 = 0.6916085391106777
Probes to Jobs
jobs = -14.921818181818178 * probes + 333.4090909090909
r^2 = 0.8500161851117417
Probes to Events
events = 1657393.451818182 * probes + 12278296.549999999
r^2 = 0.46481942303040735
All jobs
[349.0, 341.0, 320.0, 271.0, 247.0, 229.0, 218.0, 237.0, 214.0, 214.0, 203.0, 348.0, 344.0, 319.0, 271.0, 234.0, 236.0, 216.0, 228.0, 218.0, 212.0, 207.0, 348.0, 344.0, 315.0, 274.0, 254.0, 229.0, 216.0, 230.0, 221.0, 212.0, 208.0, 349.0, 339.0, 316.0, 275.0, 241.0, 236.0, 214.0, 229.0, 214.0, 216.0, 198.0, 348.0, 342.0, 320.0, 272.0, 245.0, 238.0, 217.0, 232.0, 220.0, 214.0, 202.0, 348.0, 343.0, 321.0, 277.0, 240.0, 238.0, 219.0, 232.0, 218.0, 215.0, 205.0, 348.0, 344.0, 320.0, 274.0, 242.0, 233.0, 220.0, 225.0, 221.0, 211.0, 210.0, 349.0, 343.0, 316.0, 271.0, 242.0, 241.0, 216.0, 229.0, 217.0, 214.0, 208.0, 349.0, 341.0, 317.0, 275.0, 246.0, 236.0, 213.0, 229.0, 223.0, 218.0, 211.0, 349.0, 343.0, 326.0, 275.0, 244.0, 235.0, 214.0, 228.0, 218.0, 215.0, 209.0]
All events
[0.0, 10792175.0, 19395310.0, 24615439.0, 26293486.0, 25362454.0, 24520182.0, 23979110.0, 23678631.0, 23750928.0, 23687465.0, 0.0, 10854851.0, 19289965.0, 24404413.0, 25986632.0, 25519640.0, 24584060.0, 24078282.0, 23910814.0, 23824503.0, 23797458.0, 0.0, 10818016.0, 19120121.0, 24413495.0, 26041884.0, 25589749.0, 24585488.0, 24209610.0, 23755293.0, 23907744.0, 23906436.0, 0.0, 10754633.0, 19297151.0, 24712990.0, 25915182.0, 25645633.0, 24472787.0, 23922607.0, 23691246.0, 23661580.0, 23865872.0, 0.0, 10776876.0, 19158537.0, 24521797.0, 25959078.0, 25669146.0, 24627054.0, 24091449.0, 23765102.0, 23659862.0, 23913871.0, 0.0, 10802488.0, 19351611.0, 24607758.0, 26006005.0, 25491494.0, 24709248.0, 24116347.0, 23786204.0, 23808873.0, 23959122.0, 0.0, 10819972.0, 19368938.0, 24415587.0, 26156028.0, 25645226.0, 24398354.0, 23950113.0, 23900461.0, 23749458.0, 23769415.0, 0.0, 10816628.0, 19214957.0, 24274391.0, 26028002.0, 25702143.0, 24471909.0, 24032293.0, 23818206.0, 23760287.0, 23926122.0, 0.0, 10820007.0, 19283435.0, 24411544.0, 26267414.0, 25525398.0, 24615810.0, 23884640.0, 23757763.0, 23943894.0, 23876191.0, 0.0, 10806863.0, 19325521.0, 24458956.0, 26057364.0, 25597458.0, 24405917.0, 24018631.0, 23765698.0, 23754157.0, 23988631.0]
