iterations 10 | time 20 | threads 500 | depth 1500 | governor performance
Relative amounts of jobs
[22.83644, 16.72481, 15.1751, 9.15739, 7.54059, 6.65504, 5.64873, 4.88394, 4.16611, 3.75688, 3.45498]
Relative amounts of events
[0.0, 5.21431, 6.34441, 8.98888, 9.98351, 10.45426, 11.00406, 11.47303, 11.88859, 12.19007, 12.45888]
Total amounts of jobs
[3404.0, 2493.0, 2262.0, 1365.0, 1124.0, 992.0, 842.0, 728.0, 621.0, 560.0, 515.0]
Total amounts of events
[0.0, 76814566.0, 93462543.0, 132419467.0, 147071910.0, 154006794.0, 162106194.0, 169014691.0, 175136518.0, 179577845.0, 183537796.0]
Events to Jobs
jobs = -1.679263324332334e-05 * events + 360.4003592540769
r^2 = 0.983588423674075
Probes to Jobs
jobs = -26.050909090909087 * probes + 265.76363636363635
r^2 = 0.8185510327084551
Probes to Events
events = 1510898.8663636365 * probes + 5837763.159090908
r^2 = 0.7893961100694191
All jobs
[341.0, 164.0, 227.0, 132.0, 110.0, 95.0, 82.0, 73.0, 65.0, 56.0, 53.0, 340.0, 259.0, 225.0, 145.0, 112.0, 101.0, 83.0, 68.0, 62.0, 55.0, 53.0, 340.0, 259.0, 229.0, 132.0, 114.0, 100.0, 86.0, 77.0, 57.0, 58.0, 51.0, 340.0, 259.0, 227.0, 139.0, 114.0, 96.0, 85.0, 73.0, 58.0, 58.0, 53.0, 340.0, 259.0, 227.0, 137.0, 113.0, 102.0, 85.0, 74.0, 63.0, 55.0, 52.0, 340.0, 259.0, 229.0, 132.0, 112.0, 100.0, 80.0, 72.0, 61.0, 55.0, 51.0, 341.0, 259.0, 225.0, 138.0, 112.0, 98.0, 86.0, 73.0, 62.0, 56.0, 51.0, 340.0, 259.0, 226.0, 142.0, 110.0, 97.0, 84.0, 76.0, 64.0, 57.0, 50.0, 341.0, 258.0, 225.0, 135.0, 114.0, 99.0, 85.0, 71.0, 64.0, 55.0, 50.0, 341.0, 258.0, 222.0, 133.0, 113.0, 104.0, 86.0, 71.0, 65.0, 55.0, 51.0]
All events
[0.0, 10792498.0, 9257418.0, 13397310.0, 14814645.0, 15626874.0, 16318581.0, 16993159.0, 17324128.0, 17864486.0, 18674062.0, 0.0, 7346136.0, 9354735.0, 12990124.0, 14743976.0, 15527749.0, 16350151.0, 16857875.0, 17748083.0, 18056243.0, 18118452.0, 0.0, 7360311.0, 9297523.0, 13439472.0, 14523448.0, 15348163.0, 16078705.0, 16862337.0, 17623494.0, 18162953.0, 18604947.0, 0.0, 7341283.0, 9348354.0, 13151747.0, 14547920.0, 15554346.0, 16071622.0, 16927007.0, 17611832.0, 17926106.0, 18326840.0, 0.0, 7328658.0, 9349200.0, 13255016.0, 14573535.0, 15229536.0, 16253785.0, 16878700.0, 17506361.0, 17939499.0, 18155655.0, 0.0, 7353152.0, 9255885.0, 13315127.0, 14543897.0, 15115139.0, 16383758.0, 17043239.0, 17331988.0, 17760898.0, 18278929.0, 0.0, 7332327.0, 9418358.0, 13128940.0, 14808014.0, 15302912.0, 16247041.0, 16693832.0, 17555551.0, 17780267.0, 18305570.0, 0.0, 7335832.0, 9339081.0, 13120144.0, 14810533.0, 15499568.0, 16180010.0, 17025297.0, 17258362.0, 18458368.0, 17983101.0, 0.0, 7312376.0, 9422960.0, 13254613.0, 14875398.0, 15413901.0, 16190963.0, 16955849.0, 17649620.0, 17828375.0, 18642964.0, 0.0, 7311993.0, 9419029.0, 13366974.0, 14830544.0, 15388606.0, 16031578.0, 16777396.0, 17527099.0, 17800650.0, 18447276.0]
