iterations 10 | time 20 | threads 500 | depth 1500 | governor performance
Relative amounts of jobs
[13.52048, 10.09476, 13.43325, 10.32076, 12.10103, 13.51651, 13.53237, 13.48083]
Relative amounts of events
[0.0, 56.262, 1e-05, 40.48684, 3.23577, 0.01537, 0.0, 0.0]
Total amounts of jobs
[3410.0, 2546.0, 3388.0, 2603.0, 3052.0, 3409.0, 3413.0, 3400.0]
Total amounts of events
[0.0, 122537330.0, 21.0, 88179386.0, 7047430.0, 33476.0, 10.0, 10.0]
Events to Jobs
jobs = -7.302846095843015e-06 * events + 335.144285161541
r^2 = 0.9047675100703603
Probes to Jobs
jobs = -29.414285714285707 * probes + 341.0
r^2 = 0.07594539452398585
Probes to Events
events = 3111395.185714286 * probes + 0.0
r^2 = 0.0500890136479093
All jobs
[341.0, 255.0, 339.0, 260.0, 303.0, 340.0, 341.0, 340.0, 341.0, 255.0, 339.0, 261.0, 305.0, 341.0, 341.0, 340.0, 341.0, 255.0, 339.0, 260.0, 306.0, 341.0, 342.0, 340.0, 341.0, 254.0, 339.0, 261.0, 306.0, 341.0, 341.0, 340.0, 341.0, 254.0, 339.0, 260.0, 304.0, 341.0, 342.0, 340.0, 341.0, 255.0, 338.0, 261.0, 305.0, 341.0, 341.0, 340.0, 341.0, 255.0, 339.0, 260.0, 304.0, 341.0, 342.0, 340.0, 341.0, 254.0, 338.0, 260.0, 307.0, 341.0, 341.0, 340.0, 341.0, 254.0, 340.0, 260.0, 307.0, 341.0, 341.0, 340.0, 341.0, 255.0, 338.0, 260.0, 305.0, 341.0, 341.0, 340.0]
All events
[0.0, 12258389.0, 1.0, 8805032.0, 699332.0, 3327.0, 1.0, 1.0, 0.0, 12256523.0, 1.0, 8841597.0, 706573.0, 3459.0, 1.0, 1.0, 0.0, 12214725.0, 2.0, 8794903.0, 704701.0, 3282.0, 1.0, 1.0, 0.0, 12258726.0, 1.0, 8802220.0, 701497.0, 3316.0, 1.0, 1.0, 0.0, 12247137.0, 9.0, 8841764.0, 711581.0, 3318.0, 1.0, 1.0, 0.0, 12271094.0, 1.0, 8825755.0, 699228.0, 3324.0, 1.0, 1.0, 0.0, 12247143.0, 2.0, 8808526.0, 708376.0, 3438.0, 1.0, 1.0, 0.0, 12294531.0, 1.0, 8815655.0, 703315.0, 3327.0, 1.0, 1.0, 0.0, 12230199.0, 2.0, 8829211.0, 709633.0, 3338.0, 1.0, 1.0, 0.0, 12258863.0, 1.0, 8814723.0, 703194.0, 3347.0, 1.0, 1.0]
