iterations 10 | time 20 | threads 500 | depth 1500 | governor X
Relative amounts of jobs
[12.84205, 12.09113, 12.63841, 11.98931, 12.33295, 12.65114, 12.80387, 12.65114]
Relative amounts of events
[0.0, 53.16096, 0.0, 44.53768, 2.28451, 0.01684, 0.0, 0.0]
Total amounts of jobs
[1009.0, 950.0, 993.0, 942.0, 969.0, 994.0, 1006.0, 994.0]
Total amounts of events
[0.0, 127186516.0, 10.0, 106555501.0, 5465644.0, 40283.0, 10.0, 10.0]
Events to Jobs
jobs = -4.115602869582067e-07 * events + 99.44331206042013
r^2 = 0.5074825807366169
Probes to Jobs
jobs = -3.071428571428573 * probes + 100.9
r^2 = 0.1211419975522634
Probes to Events
events = 3417828.200000001 * probes + -9.313225746154785e-10
r^2 = 0.05006798705823434
All jobs
[103.0, 93.0, 102.0, 92.0, 98.0, 96.0, 101.0, 99.0, 101.0, 95.0, 97.0, 93.0, 98.0, 99.0, 101.0, 99.0, 101.0, 92.0, 99.0, 97.0, 98.0, 101.0, 101.0, 99.0, 99.0, 96.0, 96.0, 95.0, 97.0, 104.0, 101.0, 99.0, 99.0, 96.0, 101.0, 93.0, 98.0, 98.0, 101.0, 98.0, 99.0, 94.0, 99.0, 94.0, 93.0, 98.0, 100.0, 103.0, 101.0, 96.0, 101.0, 94.0, 95.0, 97.0, 103.0, 100.0, 103.0, 96.0, 100.0, 94.0, 94.0, 100.0, 100.0, 99.0, 104.0, 97.0, 98.0, 95.0, 99.0, 100.0, 99.0, 101.0, 99.0, 95.0, 100.0, 95.0, 99.0, 101.0, 99.0, 97.0]
All events
[0.0, 12481847.0, 1.0, 10021687.0, 557566.0, 3932.0, 1.0, 1.0, 0.0, 12632802.0, 1.0, 10437700.0, 560967.0, 4035.0, 1.0, 1.0, 0.0, 12884456.0, 1.0, 11003379.0, 540571.0, 4053.0, 1.0, 1.0, 0.0, 12826026.0, 1.0, 10949555.0, 537604.0, 3982.0, 1.0, 1.0, 0.0, 12897767.0, 1.0, 10536649.0, 538580.0, 4041.0, 1.0, 1.0, 0.0, 12710636.0, 1.0, 10634978.0, 549171.0, 4101.0, 1.0, 1.0, 0.0, 12787525.0, 1.0, 10887195.0, 547845.0, 4050.0, 1.0, 1.0, 0.0, 12518939.0, 1.0, 10795377.0, 545691.0, 4024.0, 1.0, 1.0, 0.0, 12727769.0, 1.0, 10766344.0, 543886.0, 4041.0, 1.0, 1.0, 0.0, 12718749.0, 1.0, 10522637.0, 543763.0, 4024.0, 1.0, 1.0]
