iterations 10 | time 20 | threads 500 | depth 1500 | governor powersave
Relative amounts of jobs
[12.87456, 13.43253, 12.46125, 12.29593, 11.6553, 12.17194, 12.50258, 12.60591]
Relative amounts of events
[0.0, 68.18903, 1e-05, 28.78549, 3.00028, 0.02519, 1e-05, 1e-05]
Total amounts of jobs
[623.0, 650.0, 603.0, 595.0, 564.0, 589.0, 605.0, 610.0]
Total amounts of events
[0.0, 90729479.0, 10.0, 38300773.0, 3992042.0, 33514.0, 10.0, 10.0]
Events to Jobs
jobs = 4.7498882461363123e-07 * events + 59.697499548754976
r^2 = 0.2605754407756524
Probes to Jobs
jobs = -2.071428571428572 * probes + 62.3
r^2 = 0.057762099820600654
Probes to Events
events = 1900797.6857142854 * probes + 4.656612873077393e-10
r^2 = 0.042112220335632555
All jobs
[64.0, 66.0, 59.0, 59.0, 55.0, 60.0, 64.0, 59.0, 63.0, 63.0, 58.0, 61.0, 55.0, 59.0, 61.0, 60.0, 64.0, 65.0, 58.0, 58.0, 56.0, 56.0, 59.0, 60.0, 65.0, 65.0, 63.0, 60.0, 58.0, 62.0, 60.0, 60.0, 60.0, 65.0, 61.0, 59.0, 56.0, 61.0, 60.0, 61.0, 62.0, 67.0, 60.0, 58.0, 55.0, 59.0, 61.0, 61.0, 61.0, 62.0, 61.0, 63.0, 58.0, 59.0, 60.0, 61.0, 60.0, 63.0, 60.0, 59.0, 56.0, 56.0, 62.0, 62.0, 62.0, 67.0, 62.0, 57.0, 58.0, 61.0, 59.0, 64.0, 62.0, 67.0, 61.0, 61.0, 57.0, 56.0, 59.0, 62.0]
All events
[0.0, 9053192.0, 1.0, 3754227.0, 394017.0, 3324.0, 1.0, 1.0, 0.0, 8903154.0, 1.0, 4056697.0, 403590.0, 3383.0, 1.0, 1.0, 0.0, 8629169.0, 1.0, 3848241.0, 370128.0, 3344.0, 1.0, 1.0, 0.0, 9145725.0, 1.0, 3882636.0, 405080.0, 3373.0, 1.0, 1.0, 0.0, 9105462.0, 1.0, 3798439.0, 396086.0, 3388.0, 1.0, 1.0, 0.0, 9222559.0, 1.0, 3652013.0, 407770.0, 3400.0, 1.0, 1.0, 0.0, 9247211.0, 1.0, 3926326.0, 393092.0, 3318.0, 1.0, 1.0, 0.0, 9285262.0, 1.0, 3830551.0, 414939.0, 3298.0, 1.0, 1.0, 0.0, 8921173.0, 1.0, 3615473.0, 405153.0, 3342.0, 1.0, 1.0, 0.0, 9216572.0, 1.0, 3936170.0, 402187.0, 3344.0, 1.0, 1.0]
