iterations 10 | time 20 | threads 500 | depth 1500 | governor powersave
Relative amounts of jobs
[12.65247, 13.70684, 12.50775, 12.30101, 11.94956, 12.13562, 12.32169, 12.42506]
Relative amounts of events
[0.0, 68.27308, 1e-05, 28.69661, 3.00476, 0.02553, 1e-05, 1e-05]
Total amounts of jobs
[612.0, 663.0, 605.0, 595.0, 578.0, 587.0, 596.0, 601.0]
Total amounts of events
[0.0, 90654097.0, 10.0, 38103819.0, 3989772.0, 33895.0, 10.0, 10.0]
Events to Jobs
jobs = 6.422791971992623e-07 * events + 59.39646415249421
r^2 = 0.4516159947796251
Probes to Jobs
jobs = -0.8428571428571425 * probes + 61.199999999999996
r^2 = 0.009089318679711744
Probes to Events
events = 1896880.1857142863 * probes + -4.656612873077393e-10
r^2 = 0.04205150893015919
All jobs
[63.0, 65.0, 60.0, 61.0, 56.0, 57.0, 59.0, 59.0, 61.0, 67.0, 59.0, 61.0, 59.0, 58.0, 59.0, 61.0, 59.0, 67.0, 57.0, 58.0, 57.0, 57.0, 62.0, 60.0, 61.0, 68.0, 62.0, 58.0, 57.0, 60.0, 58.0, 61.0, 60.0, 68.0, 63.0, 59.0, 58.0, 59.0, 60.0, 62.0, 62.0, 65.0, 58.0, 57.0, 58.0, 58.0, 54.0, 57.0, 61.0, 66.0, 60.0, 59.0, 57.0, 59.0, 60.0, 64.0, 62.0, 64.0, 61.0, 61.0, 59.0, 61.0, 61.0, 59.0, 59.0, 67.0, 61.0, 61.0, 60.0, 59.0, 61.0, 58.0, 64.0, 66.0, 64.0, 60.0, 57.0, 59.0, 62.0, 60.0]
All events
[0.0, 9187116.0, 1.0, 3740908.0, 389039.0, 3401.0, 1.0, 1.0, 0.0, 9207507.0, 1.0, 3929860.0, 390775.0, 3398.0, 1.0, 1.0, 0.0, 9135545.0, 1.0, 3858069.0, 428549.0, 3303.0, 1.0, 1.0, 0.0, 8540932.0, 1.0, 3740122.0, 384168.0, 3446.0, 1.0, 1.0, 0.0, 9146996.0, 1.0, 3826226.0, 399521.0, 3421.0, 1.0, 1.0, 0.0, 9072984.0, 1.0, 3760030.0, 400099.0, 3407.0, 1.0, 1.0, 0.0, 9307789.0, 1.0, 3826613.0, 397386.0, 3337.0, 1.0, 1.0, 0.0, 9145415.0, 1.0, 3902150.0, 393693.0, 3421.0, 1.0, 1.0, 0.0, 8857391.0, 1.0, 3685768.0, 412830.0, 3377.0, 1.0, 1.0, 0.0, 9052422.0, 1.0, 3834073.0, 393712.0, 3384.0, 1.0, 1.0]
