iterations 10 | time 20 | threads 500 | depth 1500 | governor powersave
Relative amounts of jobs
[11.65506, 15.4406, 11.49798, 15.15786, 10.7702, 11.83832, 11.78072, 11.85926]
Relative amounts of events
[0.0, 71.42483, 1e-05, 27.0532, 1.5147, 0.00726, 0.0, 0.0]
Total amounts of jobs
[2226.0, 2949.0, 2196.0, 2895.0, 2057.0, 2261.0, 2250.0, 2265.0]
Total amounts of events
[0.0, 330099347.0, 42.0, 125029959.0, 7000406.0, 33550.0, 10.0, 10.0]
Events to Jobs
jobs = 2.516963517742086e-06 * events + 224.19689717816982
r^2 = 0.7578101813205588
Probes to Jobs
jobs = 18.442857142857147 * probes + 222.60000000000002
r^2 = 0.03634696276741456
Probes to Events
events = 6602333.200000002 * probes + -1.862645149230957e-09
r^2 = 0.038940363688820145
All jobs
[226.0, 297.0, 225.0, 288.0, 207.0, 227.0, 222.0, 223.0, 221.0, 292.0, 229.0, 292.0, 202.0, 227.0, 230.0, 222.0, 228.0, 298.0, 222.0, 288.0, 188.0, 234.0, 231.0, 226.0, 222.0, 299.0, 210.0, 292.0, 208.0, 227.0, 222.0, 221.0, 222.0, 300.0, 223.0, 292.0, 210.0, 226.0, 231.0, 237.0, 224.0, 297.0, 215.0, 286.0, 202.0, 215.0, 216.0, 236.0, 222.0, 283.0, 224.0, 288.0, 205.0, 237.0, 222.0, 220.0, 224.0, 294.0, 223.0, 292.0, 216.0, 226.0, 224.0, 221.0, 220.0, 293.0, 213.0, 286.0, 203.0, 217.0, 218.0, 229.0, 217.0, 296.0, 212.0, 291.0, 216.0, 225.0, 234.0, 230.0]
All events
[0.0, 33016618.0, 1.0, 12383624.0, 705133.0, 3272.0, 1.0, 1.0, 0.0, 33124709.0, 1.0, 12514780.0, 695751.0, 3358.0, 1.0, 1.0, 0.0, 32849623.0, 1.0, 12322453.0, 715567.0, 3383.0, 1.0, 1.0, 0.0, 32948098.0, 1.0, 12540466.0, 692049.0, 3333.0, 1.0, 1.0, 0.0, 33031120.0, 30.0, 12568173.0, 696615.0, 3382.0, 1.0, 1.0, 0.0, 32808024.0, 3.0, 12597033.0, 692802.0, 3325.0, 1.0, 1.0, 0.0, 32989251.0, 1.0, 12461976.0, 694048.0, 3364.0, 1.0, 1.0, 0.0, 33055746.0, 1.0, 12579015.0, 697646.0, 3294.0, 1.0, 1.0, 0.0, 33175901.0, 2.0, 12503834.0, 695407.0, 3320.0, 1.0, 1.0, 0.0, 33100257.0, 1.0, 12558605.0, 715388.0, 3519.0, 1.0, 1.0]
