iterations 10 | time 20 | threads 500 | depth 1500 | governor powersave
Relative amounts of jobs
[14.73554, 6.45303, 14.66778, 5.70369, 14.17753, 14.72757, 14.7754, 14.75946]
Relative amounts of events
[0.0, 55.45873, 2e-05, 42.35182, 2.17319, 0.01623, 1e-05, 1e-05]
Total amounts of jobs
[3697.0, 1619.0, 3680.0, 1431.0, 3557.0, 3695.0, 3707.0, 3703.0]
Total amounts of events
[0.0, 109756836.0, 34.0, 83817323.0, 4300904.0, 32127.0, 10.0, 10.0]
Events to Jobs
jobs = -2.167059098619495e-05 * events + 367.2220867241136
r^2 = 0.9582413721278974
Probes to Jobs
jobs = -64.10000000000001 * probes + 369.70000000000005
r^2 = 0.05168136250611577
Probes to Events
events = 2827246.3428571424 * probes + 0.0
r^2 = 0.04927331600943485
All jobs
[369.0, 162.0, 367.0, 143.0, 356.0, 369.0, 371.0, 370.0, 369.0, 162.0, 368.0, 143.0, 355.0, 368.0, 371.0, 370.0, 370.0, 161.0, 369.0, 143.0, 355.0, 369.0, 371.0, 370.0, 370.0, 162.0, 367.0, 144.0, 355.0, 370.0, 370.0, 370.0, 370.0, 162.0, 367.0, 144.0, 355.0, 370.0, 371.0, 370.0, 369.0, 162.0, 368.0, 143.0, 356.0, 370.0, 370.0, 371.0, 370.0, 162.0, 369.0, 142.0, 357.0, 369.0, 371.0, 371.0, 370.0, 162.0, 368.0, 143.0, 356.0, 370.0, 370.0, 371.0, 370.0, 162.0, 368.0, 143.0, 357.0, 370.0, 371.0, 370.0, 370.0, 162.0, 369.0, 143.0, 355.0, 370.0, 371.0, 370.0]
All events
[0.0, 10994641.0, 1.0, 8401216.0, 433295.0, 3185.0, 1.0, 1.0, 0.0, 10985361.0, 1.0, 8421663.0, 422069.0, 3208.0, 1.0, 1.0, 0.0, 10939369.0, 1.0, 8397917.0, 433194.0, 3167.0, 1.0, 1.0, 0.0, 10984753.0, 16.0, 8371161.0, 429200.0, 3194.0, 1.0, 1.0, 0.0, 11025773.0, 1.0, 8362597.0, 434633.0, 3307.0, 1.0, 1.0, 0.0, 10954703.0, 1.0, 8370122.0, 429207.0, 3183.0, 1.0, 1.0, 0.0, 10966677.0, 1.0, 8381221.0, 431346.0, 3190.0, 1.0, 1.0, 0.0, 10994475.0, 1.0, 8349749.0, 432674.0, 3187.0, 1.0, 1.0, 0.0, 10970443.0, 9.0, 8355894.0, 426113.0, 3310.0, 1.0, 1.0, 0.0, 10940641.0, 2.0, 8405783.0, 429173.0, 3196.0, 1.0, 1.0]
