iterations 10 | time 20 | threads 500 | depth 1500 | governor powersave
Relative amounts of jobs
[13.00191, 13.10527, 12.76937, 9.0848, 12.82104, 13.1156, 13.18795, 12.91406]
Relative amounts of events
[0.0, 71.43918, 0.0001, 27.07456, 1.47673, 0.00943, 0.0, 0.0]
Total amounts of jobs
[2516.0, 2536.0, 2471.0, 1758.0, 2481.0, 2538.0, 2552.0, 2499.0]
Total amounts of events
[0.0, 261808312.0, 377.0, 99222095.0, 5411882.0, 34543.0, 10.0, 10.0]
Events to Jobs
jobs = -5.608618132291077e-07 * events + 244.45678853955147
r^2 = 0.03480462976887533
Probes to Jobs
jobs = -11.100000000000001 * probes + 251.6
r^2 = 0.019353865825135097
Probes to Events
events = 5235388.9857142875 * probes + -1.862645149230957e-09
r^2 = 0.038912972158235415
All jobs
[258.0, 256.0, 259.0, 182.0, 254.0, 263.0, 266.0, 265.0, 257.0, 252.0, 260.0, 172.0, 258.0, 263.0, 267.0, 263.0, 248.0, 253.0, 259.0, 175.0, 259.0, 266.0, 267.0, 258.0, 253.0, 253.0, 256.0, 174.0, 262.0, 267.0, 265.0, 262.0, 257.0, 257.0, 239.0, 176.0, 245.0, 247.0, 248.0, 237.0, 255.0, 255.0, 239.0, 180.0, 244.0, 244.0, 246.0, 246.0, 247.0, 251.0, 244.0, 170.0, 249.0, 246.0, 252.0, 242.0, 251.0, 254.0, 233.0, 175.0, 247.0, 245.0, 244.0, 242.0, 247.0, 254.0, 242.0, 181.0, 238.0, 249.0, 246.0, 240.0, 243.0, 251.0, 240.0, 173.0, 225.0, 248.0, 251.0, 244.0]
All events
[0.0, 26359181.0, 2.0, 9867143.0, 526018.0, 3439.0, 1.0, 1.0, 0.0, 25924962.0, 2.0, 9976970.0, 529230.0, 3450.0, 1.0, 1.0, 0.0, 26095764.0, 1.0, 9910447.0, 520743.0, 3458.0, 1.0, 1.0, 0.0, 26098575.0, 1.0, 10092339.0, 515174.0, 3437.0, 1.0, 1.0, 0.0, 26464297.0, 365.0, 9977477.0, 548894.0, 3431.0, 1.0, 1.0, 0.0, 26231582.0, 1.0, 9950758.0, 548410.0, 3472.0, 1.0, 1.0, 0.0, 26113795.0, 1.0, 9833171.0, 539225.0, 3437.0, 1.0, 1.0, 0.0, 26334371.0, 1.0, 9818975.0, 545032.0, 3479.0, 1.0, 1.0, 0.0, 26124932.0, 2.0, 9865375.0, 558946.0, 3465.0, 1.0, 1.0, 0.0, 26060853.0, 1.0, 9929440.0, 580210.0, 3475.0, 1.0, 1.0]
