iterations 10 | time 20 | threads 500 | depth 1500 | governor performance
Relative amounts of jobs
[12.4409, 12.5591, 12.44512, 12.68997, 12.42401, 12.46201, 12.46201, 12.51689]
Relative amounts of events
[0.0, 70.79804, 0.0, 27.45915, 1.73559, 0.00721, 0.0, 0.0]
Total amounts of jobs
[2947.0, 2975.0, 2948.0, 3006.0, 2943.0, 2952.0, 2952.0, 2965.0]
Total amounts of events
[0.0, 328715655.0, 21.0, 127492966.0, 8058372.0, 33473.0, 10.0, 10.0]
Events to Jobs
jobs = 1.0409829854417655e-07 * events + 295.49583884010127
r^2 = 0.07513558049378999
Probes to Jobs
jobs = 1.5999999999999999 * probes + 294.70000000000005
r^2 = 0.015940791346427452
Probes to Events
events = 6632864.385714285 * probes + 9.313225746154785e-10
r^2 = 0.039510612650088595
All jobs
[289.0, 297.0, 290.0, 297.0, 296.0, 296.0, 292.0, 293.0, 296.0, 292.0, 299.0, 299.0, 294.0, 298.0, 299.0, 299.0, 291.0, 297.0, 298.0, 302.0, 296.0, 293.0, 302.0, 298.0, 295.0, 300.0, 295.0, 299.0, 290.0, 299.0, 290.0, 291.0, 295.0, 298.0, 297.0, 308.0, 294.0, 293.0, 295.0, 298.0, 295.0, 295.0, 292.0, 306.0, 288.0, 292.0, 302.0, 294.0, 301.0, 307.0, 295.0, 302.0, 292.0, 294.0, 297.0, 298.0, 298.0, 293.0, 291.0, 294.0, 295.0, 299.0, 286.0, 303.0, 295.0, 294.0, 297.0, 298.0, 300.0, 297.0, 291.0, 294.0, 292.0, 302.0, 294.0, 301.0, 298.0, 291.0, 298.0, 297.0]
All events
[0.0, 32408266.0, 1.0, 12738348.0, 800486.0, 3333.0, 1.0, 1.0, 0.0, 33095056.0, 1.0, 12698498.0, 806539.0, 3307.0, 1.0, 1.0, 0.0, 32839894.0, 9.0, 12707569.0, 807625.0, 3321.0, 1.0, 1.0, 0.0, 32958841.0, 1.0, 12787787.0, 814995.0, 3341.0, 1.0, 1.0, 0.0, 33056133.0, 2.0, 12768606.0, 801084.0, 3351.0, 1.0, 1.0, 0.0, 32941691.0, 1.0, 12763368.0, 815293.0, 3342.0, 1.0, 1.0, 0.0, 32607587.0, 1.0, 12748301.0, 812379.0, 3329.0, 1.0, 1.0, 0.0, 33038441.0, 1.0, 12807250.0, 801807.0, 3400.0, 1.0, 1.0, 0.0, 32962678.0, 3.0, 12770602.0, 794750.0, 3396.0, 1.0, 1.0, 0.0, 32807068.0, 1.0, 12702637.0, 803414.0, 3353.0, 1.0, 1.0]
