iterations 10 | time 20 | threads 500 | depth 1500 | governor performance
Relative amounts of jobs
[12.75697, 13.03858, 12.65841, 11.79949, 11.98254, 12.23599, 12.64433, 12.88369]
Relative amounts of events
[0.0, 66.12383, 1e-05, 30.84879, 3.00232, 0.02504, 1e-05, 1e-05]
Total amounts of jobs
[906.0, 926.0, 899.0, 838.0, 851.0, 869.0, 898.0, 915.0]
Total amounts of events
[0.0, 88278168.0, 10.0, 41184472.0, 4008221.0, 33423.0, 10.0, 10.0]
Events to Jobs
jobs = 1.587789717243936e-07 * events + 88.51002902877887
r^2 = 0.019998698601712994
Probes to Jobs
jobs = -2.0857142857142863 * probes + 90.60000000000001
r^2 = 0.04146662205380025
Probes to Events
events = 1907204.4857142863 * probes + -4.656612873077393e-10
r^2 = 0.04370868903275993
All jobs
[88.0, 94.0, 90.0, 83.0, 88.0, 86.0, 89.0, 93.0, 92.0, 91.0, 88.0, 83.0, 87.0, 87.0, 89.0, 93.0, 91.0, 98.0, 90.0, 85.0, 84.0, 87.0, 94.0, 89.0, 89.0, 94.0, 91.0, 82.0, 87.0, 86.0, 89.0, 92.0, 93.0, 93.0, 90.0, 85.0, 82.0, 87.0, 87.0, 93.0, 92.0, 90.0, 90.0, 82.0, 84.0, 88.0, 89.0, 89.0, 91.0, 88.0, 91.0, 86.0, 85.0, 86.0, 89.0, 91.0, 89.0, 92.0, 90.0, 85.0, 86.0, 88.0, 90.0, 89.0, 91.0, 93.0, 91.0, 83.0, 85.0, 87.0, 89.0, 93.0, 90.0, 93.0, 88.0, 84.0, 83.0, 87.0, 93.0, 93.0]
All events
[0.0, 8960947.0, 1.0, 4189711.0, 424808.0, 3334.0, 1.0, 1.0, 0.0, 8901160.0, 1.0, 4057152.0, 406399.0, 3278.0, 1.0, 1.0, 0.0, 8653187.0, 1.0, 4097126.0, 400616.0, 3292.0, 1.0, 1.0, 0.0, 8784194.0, 1.0, 4145163.0, 401521.0, 3310.0, 1.0, 1.0, 0.0, 8560783.0, 1.0, 3959090.0, 408811.0, 3330.0, 1.0, 1.0, 0.0, 9048430.0, 1.0, 4019876.0, 398735.0, 3410.0, 1.0, 1.0, 0.0, 8988561.0, 1.0, 4194979.0, 407863.0, 3346.0, 1.0, 1.0, 0.0, 8872776.0, 1.0, 4235919.0, 379775.0, 3376.0, 1.0, 1.0, 0.0, 8958260.0, 1.0, 4335860.0, 395341.0, 3354.0, 1.0, 1.0, 0.0, 8549870.0, 1.0, 3949596.0, 384352.0, 3393.0, 1.0, 1.0]
