iterations 10 | time 20 | threads 500 | depth 1500 | governor X
Relative amounts of jobs
[12.68305, 12.07182, 12.74672, 12.04635, 12.47931, 12.59391, 12.74672, 12.63212]
Relative amounts of events
[0.0, 52.69511, 0.0, 45.0337, 2.25504, 0.01613, 0.0, 0.0]
Total amounts of jobs
[996.0, 948.0, 1001.0, 946.0, 980.0, 989.0, 1001.0, 992.0]
Total amounts of events
[0.0, 127691225.0, 10.0, 109126034.0, 5464429.0, 39098.0, 10.0, 10.0]
Events to Jobs
jobs = -3.8823453784613273e-07 * events + 99.33846637512822
r^2 = 0.48298108142173934
Probes to Jobs
jobs = -1.642857142857143 * probes + 99.6
r^2 = 0.036171731620794345
Probes to Events
events = 3461725.9428571435 * probes + -4.656612873077393e-10
r^2 = 0.050120256108343364
All jobs
[99.0, 95.0, 103.0, 95.0, 98.0, 99.0, 101.0, 100.0, 98.0, 94.0, 99.0, 95.0, 97.0, 101.0, 100.0, 99.0, 97.0, 95.0, 100.0, 95.0, 98.0, 95.0, 104.0, 101.0, 101.0, 96.0, 98.0, 93.0, 98.0, 99.0, 104.0, 100.0, 100.0, 96.0, 102.0, 95.0, 98.0, 102.0, 99.0, 97.0, 101.0, 93.0, 100.0, 90.0, 99.0, 101.0, 96.0, 97.0, 103.0, 95.0, 103.0, 95.0, 96.0, 99.0, 96.0, 100.0, 97.0, 94.0, 95.0, 94.0, 101.0, 95.0, 102.0, 100.0, 100.0, 94.0, 102.0, 97.0, 98.0, 99.0, 97.0, 100.0, 100.0, 96.0, 99.0, 97.0, 97.0, 99.0, 102.0, 98.0]
All events
[0.0, 12712064.0, 1.0, 10868716.0, 540118.0, 3912.0, 1.0, 1.0, 0.0, 12889448.0, 1.0, 11286224.0, 540026.0, 3938.0, 1.0, 1.0, 0.0, 12862958.0, 1.0, 10884131.0, 537892.0, 3932.0, 1.0, 1.0, 0.0, 12741360.0, 1.0, 10274123.0, 550858.0, 3879.0, 1.0, 1.0, 0.0, 13047078.0, 1.0, 10937386.0, 545982.0, 3923.0, 1.0, 1.0, 0.0, 12748846.0, 1.0, 10077237.0, 562029.0, 3901.0, 1.0, 1.0, 0.0, 12654631.0, 1.0, 11199032.0, 536972.0, 3896.0, 1.0, 1.0, 0.0, 12596663.0, 1.0, 11195632.0, 547155.0, 3917.0, 1.0, 1.0, 0.0, 12692536.0, 1.0, 11266277.0, 551626.0, 3890.0, 1.0, 1.0, 0.0, 12745641.0, 1.0, 11137276.0, 551771.0, 3910.0, 1.0, 1.0]
