iterations 10 | time 20 | threads 500 | depth 1500 | governor powersave
Relative amounts of jobs
[12.75279, 13.43376, 12.56707, 12.19563, 11.92736, 12.31944, 12.36071, 12.44325]
Relative amounts of events
[0.0, 68.33292, 1e-05, 28.63823, 3.00307, 0.02576, 1e-05, 1e-05]
Total amounts of jobs
[618.0, 651.0, 609.0, 591.0, 578.0, 597.0, 599.0, 603.0]
Total amounts of events
[0.0, 90077787.0, 10.0, 37751472.0, 3958710.0, 33959.0, 10.0, 10.0]
Events to Jobs
jobs = 4.6261034391901085e-07 * events + 59.812722483419286
r^2 = 0.3256351655558991
Probes to Jobs
jobs = -1.4000000000000006 * probes + 61.800000000000004
r^2 = 0.03532077026052938
Probes to Events
events = 1883170.8285714297 * probes + -9.313225746154785e-10
r^2 = 0.0420003501310936
All jobs
[61.0, 65.0, 62.0, 59.0, 56.0, 58.0, 58.0, 57.0, 60.0, 67.0, 60.0, 57.0, 59.0, 62.0, 60.0, 60.0, 61.0, 63.0, 62.0, 60.0, 57.0, 59.0, 61.0, 60.0, 62.0, 66.0, 60.0, 59.0, 56.0, 62.0, 61.0, 59.0, 63.0, 66.0, 61.0, 60.0, 59.0, 57.0, 57.0, 62.0, 61.0, 65.0, 60.0, 60.0, 58.0, 58.0, 58.0, 59.0, 62.0, 65.0, 61.0, 60.0, 58.0, 58.0, 60.0, 62.0, 63.0, 66.0, 59.0, 59.0, 58.0, 61.0, 62.0, 63.0, 63.0, 63.0, 64.0, 59.0, 57.0, 61.0, 61.0, 60.0, 62.0, 65.0, 60.0, 58.0, 60.0, 61.0, 61.0, 61.0]
All events
[0.0, 9075600.0, 1.0, 3642395.0, 378915.0, 3426.0, 1.0, 1.0, 0.0, 9066204.0, 1.0, 3634262.0, 410635.0, 3387.0, 1.0, 1.0, 0.0, 9149620.0, 1.0, 3799152.0, 387267.0, 3412.0, 1.0, 1.0, 0.0, 9275754.0, 1.0, 3942015.0, 384651.0, 3451.0, 1.0, 1.0, 0.0, 8896617.0, 1.0, 3667870.0, 416975.0, 3343.0, 1.0, 1.0, 0.0, 9188502.0, 1.0, 3871324.0, 384683.0, 3394.0, 1.0, 1.0, 0.0, 8595116.0, 1.0, 3726299.0, 393699.0, 3370.0, 1.0, 1.0, 0.0, 8934250.0, 1.0, 3947060.0, 404938.0, 3390.0, 1.0, 1.0, 0.0, 8746963.0, 1.0, 3836335.0, 398071.0, 3381.0, 1.0, 1.0, 0.0, 9149161.0, 1.0, 3684760.0, 398876.0, 3405.0, 1.0, 1.0]
