iterations 10 | time 20 | threads 500 | depth 1500 | governor powersave
Relative amounts of jobs
[15.80293, 5.40402, 15.61541, 3.03444, 13.16059, 15.59836, 15.76884, 15.61541]
Relative amounts of events
[0.0, 49.52746, 0.00107, 35.65373, 14.50735, 0.31026, 6e-05, 6e-05]
Total amounts of jobs
[927.0, 317.0, 916.0, 178.0, 772.0, 915.0, 925.0, 916.0]
Total amounts of events
[0.0, 7879878.0, 171.0, 5672550.0, 2308137.0, 49362.0, 10.0, 10.0]
Events to Jobs
jobs = -9.307729539914086e-05 * events + 91.83588441151485
r^2 = 0.8951280055676861
Probes to Jobs
jobs = -22.142857142857146 * probes + 92.7
r^2 = 0.06515913691929442
Probes to Events
events = 227287.40000000002 * probes + -2.9103830456733704e-11
r^2 = 0.0664448145566725
All jobs
[94.0, 34.0, 91.0, 19.0, 76.0, 91.0, 92.0, 92.0, 91.0, 32.0, 91.0, 17.0, 78.0, 91.0, 92.0, 91.0, 93.0, 31.0, 92.0, 19.0, 76.0, 91.0, 91.0, 93.0, 94.0, 31.0, 92.0, 18.0, 76.0, 91.0, 93.0, 93.0, 92.0, 31.0, 93.0, 18.0, 78.0, 93.0, 92.0, 94.0, 93.0, 32.0, 93.0, 16.0, 79.0, 92.0, 94.0, 91.0, 92.0, 33.0, 90.0, 18.0, 78.0, 93.0, 93.0, 92.0, 93.0, 30.0, 93.0, 19.0, 77.0, 93.0, 93.0, 86.0, 92.0, 32.0, 92.0, 17.0, 77.0, 91.0, 92.0, 91.0, 93.0, 31.0, 89.0, 17.0, 77.0, 89.0, 93.0, 93.0]
All events
[0.0, 767963.0, 1.0, 542835.0, 223033.0, 4953.0, 1.0, 1.0, 0.0, 799659.0, 2.0, 552730.0, 236783.0, 4919.0, 1.0, 1.0, 0.0, 741837.0, 68.0, 562215.0, 223864.0, 4958.0, 1.0, 1.0, 0.0, 807983.0, 10.0, 556215.0, 229673.0, 4905.0, 1.0, 1.0, 0.0, 796685.0, 1.0, 561923.0, 240317.0, 4923.0, 1.0, 1.0, 0.0, 775831.0, 3.0, 577078.0, 237749.0, 4982.0, 1.0, 1.0, 0.0, 803362.0, 1.0, 563746.0, 223838.0, 4907.0, 1.0, 1.0, 0.0, 797237.0, 1.0, 580133.0, 233032.0, 4932.0, 1.0, 1.0, 0.0, 774439.0, 71.0, 580178.0, 229525.0, 4977.0, 1.0, 1.0, 0.0, 814882.0, 13.0, 595497.0, 230323.0, 4906.0, 1.0, 1.0]
