iterations 10 | time 20 | threads 500 | depth 1500 | governor powersave
Relative amounts of jobs
[13.11315, 11.61633, 12.9925, 10.10821, 12.84168, 13.12069, 13.12823, 13.07921]
Relative amounts of events
[0.0, 64.63613, 1e-05, 33.4765, 1.87754, 0.00981, 0.0, 0.0]
Total amounts of jobs
[3478.0, 3081.0, 3446.0, 2681.0, 3406.0, 3480.0, 3482.0, 3469.0]
Total amounts of events
[0.0, 230968122.0, 44.0, 119623573.0, 6709140.0, 35067.0, 10.0, 10.0]
Events to Jobs
jobs = -2.4996928280677785e-06 * events + 342.7028768927609
r^2 = 0.5468508906867353
Probes to Jobs
jobs = -18.585714285714282 * probes + 347.8
r^2 = 0.051123228867046566
Probes to Events
events = 5104799.514285717 * probes + -2.7939677238464355e-09
r^2 = 0.044067813970254055
All jobs
[348.0, 305.0, 345.0, 268.0, 340.0, 348.0, 348.0, 347.0, 348.0, 312.0, 344.0, 272.0, 341.0, 348.0, 349.0, 347.0, 348.0, 307.0, 345.0, 269.0, 341.0, 348.0, 348.0, 347.0, 348.0, 311.0, 344.0, 273.0, 341.0, 348.0, 348.0, 347.0, 347.0, 302.0, 345.0, 268.0, 341.0, 348.0, 348.0, 347.0, 348.0, 310.0, 344.0, 268.0, 340.0, 348.0, 348.0, 347.0, 348.0, 306.0, 345.0, 259.0, 340.0, 348.0, 349.0, 346.0, 348.0, 300.0, 345.0, 265.0, 341.0, 348.0, 348.0, 347.0, 348.0, 313.0, 345.0, 271.0, 341.0, 348.0, 348.0, 347.0, 347.0, 315.0, 344.0, 268.0, 340.0, 348.0, 348.0, 347.0]
All events
[0.0, 22923325.0, 1.0, 12008146.0, 669572.0, 3581.0, 1.0, 1.0, 0.0, 23294746.0, 10.0, 12011913.0, 672006.0, 3467.0, 1.0, 1.0, 0.0, 23112000.0, 9.0, 12039082.0, 670563.0, 3468.0, 1.0, 1.0, 0.0, 23217200.0, 1.0, 11939664.0, 673296.0, 3502.0, 1.0, 1.0, 0.0, 22962573.0, 1.0, 11874814.0, 672509.0, 3543.0, 1.0, 1.0, 0.0, 23078864.0, 2.0, 11997571.0, 670120.0, 3507.0, 1.0, 1.0, 0.0, 23064661.0, 10.0, 11904387.0, 669711.0, 3538.0, 1.0, 1.0, 0.0, 22867642.0, 1.0, 11934722.0, 669897.0, 3495.0, 1.0, 1.0, 0.0, 23213964.0, 1.0, 11957918.0, 673030.0, 3490.0, 1.0, 1.0, 0.0, 23233147.0, 8.0, 11955356.0, 668436.0, 3476.0, 1.0, 1.0]
