iterations 10 | time 20 | threads 500 | depth 1500 | governor performance
Relative amounts of jobs
[14.72652, 6.4583, 14.68267, 5.71679, 14.15643, 14.72253, 14.77834, 14.75841]
Relative amounts of events
[0.0, 55.3824, 3e-05, 42.40955, 2.19168, 0.01633, 1e-05, 1e-05]
Total amounts of jobs
[3694.0, 1620.0, 3683.0, 1434.0, 3551.0, 3693.0, 3707.0, 3702.0]
Total amounts of events
[0.0, 109350940.0, 50.0, 83736416.0, 4327416.0, 32236.0, 10.0, 10.0]
Events to Jobs
jobs = -2.1705443442113368e-05 * events + 367.1209548042443
r^2 = 0.9589622614582003
Probes to Jobs
jobs = -63.82857142857142 * probes + 369.4
r^2 = 0.051405192715963666
Probes to Events
events = 2820672.542857143 * probes + 0.0
r^2 = 0.049319412450575695
All jobs
[368.0, 162.0, 370.0, 144.0, 354.0, 370.0, 370.0, 371.0, 370.0, 162.0, 368.0, 143.0, 355.0, 369.0, 371.0, 370.0, 369.0, 162.0, 369.0, 143.0, 355.0, 370.0, 370.0, 369.0, 370.0, 162.0, 368.0, 144.0, 355.0, 369.0, 371.0, 370.0, 370.0, 162.0, 368.0, 144.0, 354.0, 370.0, 370.0, 371.0, 369.0, 162.0, 367.0, 143.0, 355.0, 369.0, 371.0, 371.0, 369.0, 162.0, 369.0, 143.0, 356.0, 369.0, 371.0, 370.0, 369.0, 162.0, 368.0, 143.0, 356.0, 369.0, 371.0, 370.0, 370.0, 162.0, 368.0, 143.0, 356.0, 369.0, 371.0, 370.0, 370.0, 162.0, 368.0, 144.0, 355.0, 369.0, 371.0, 370.0]
All events
[0.0, 10806997.0, 10.0, 8379069.0, 432408.0, 3203.0, 1.0, 1.0, 0.0, 10873869.0, 16.0, 8399443.0, 427133.0, 3195.0, 1.0, 1.0, 0.0, 10923877.0, 1.0, 8392839.0, 432564.0, 3178.0, 1.0, 1.0, 0.0, 11011059.0, 1.0, 8403467.0, 431587.0, 3302.0, 1.0, 1.0, 0.0, 10966753.0, 3.0, 8391504.0, 433452.0, 3198.0, 1.0, 1.0, 0.0, 11014657.0, 1.0, 8425311.0, 432130.0, 3214.0, 1.0, 1.0, 0.0, 10961299.0, 1.0, 8312368.0, 432801.0, 3275.0, 1.0, 1.0, 0.0, 10960853.0, 8.0, 8323355.0, 436261.0, 3210.0, 1.0, 1.0, 0.0, 10888479.0, 8.0, 8377829.0, 435201.0, 3163.0, 1.0, 1.0, 0.0, 10943097.0, 1.0, 8331231.0, 433879.0, 3298.0, 1.0, 1.0]
