iterations 10 | time 20 | threads 500 | depth 1500 | governor performance
Relative amounts of jobs
[12.44051, 12.44051, 12.5079, 12.54159, 12.42788, 12.59212, 12.42367, 12.62582]
Relative amounts of events
[0.0, 70.64375, 0.0, 27.61083, 1.73818, 0.00724, 0.0, 0.0]
Total amounts of jobs
[2954.0, 2954.0, 2970.0, 2978.0, 2951.0, 2990.0, 2950.0, 2998.0]
Total amounts of events
[0.0, 326690036.0, 15.0, 127685535.0, 8038146.0, 33468.0, 10.0, 10.0]
Events to Jobs
jobs = -3.7200249852158726e-08 * events + 297.02753940159295
r^2 = 0.012419069389438042
Probes to Jobs
jobs = 1.614285714285714 * probes + 295.4
r^2 = 0.021227007123323816
Probes to Events
events = 6606388.85714286 * probes + -2.7939677238464355e-09
r^2 = 0.03961492925453014
All jobs
[296.0, 294.0, 301.0, 303.0, 297.0, 297.0, 294.0, 302.0, 299.0, 305.0, 296.0, 299.0, 290.0, 299.0, 293.0, 297.0, 290.0, 296.0, 294.0, 295.0, 296.0, 299.0, 293.0, 297.0, 297.0, 291.0, 292.0, 294.0, 299.0, 295.0, 293.0, 299.0, 295.0, 297.0, 298.0, 299.0, 290.0, 300.0, 296.0, 300.0, 295.0, 298.0, 298.0, 299.0, 293.0, 295.0, 297.0, 308.0, 294.0, 294.0, 295.0, 296.0, 300.0, 297.0, 296.0, 300.0, 296.0, 294.0, 304.0, 296.0, 293.0, 299.0, 295.0, 300.0, 295.0, 296.0, 291.0, 298.0, 297.0, 301.0, 298.0, 301.0, 297.0, 289.0, 301.0, 299.0, 296.0, 308.0, 295.0, 294.0]
All events
[0.0, 33045250.0, 1.0, 12735337.0, 800714.0, 3389.0, 1.0, 1.0, 0.0, 32628623.0, 1.0, 12791843.0, 813006.0, 3331.0, 1.0, 1.0, 0.0, 31407527.0, 1.0, 12804577.0, 806056.0, 3300.0, 1.0, 1.0, 0.0, 33095902.0, 1.0, 12738009.0, 793636.0, 3310.0, 1.0, 1.0, 0.0, 32997864.0, 1.0, 12779635.0, 814396.0, 3362.0, 1.0, 1.0, 0.0, 31538993.0, 1.0, 12771940.0, 812788.0, 3330.0, 1.0, 1.0, 0.0, 32870948.0, 2.0, 12752886.0, 793125.0, 3285.0, 1.0, 1.0, 0.0, 32959646.0, 1.0, 12843340.0, 808654.0, 3440.0, 1.0, 1.0, 0.0, 33069830.0, 1.0, 12766354.0, 792598.0, 3345.0, 1.0, 1.0, 0.0, 33075453.0, 5.0, 12701614.0, 803173.0, 3376.0, 1.0, 1.0]
