iterations 10 | time 20 | threads 500 | depth 1500 | governor powersave
Relative amounts of jobs
[13.52113, 10.0972, 13.42988, 10.33525, 12.09284, 13.50129, 13.54096, 13.48145]
Relative amounts of events
[0.0, 56.28961, 1e-05, 40.46711, 3.22803, 0.01523, 0.0, 0.0]
Total amounts of jobs
[3408.0, 2545.0, 3385.0, 2605.0, 3048.0, 3403.0, 3413.0, 3398.0]
Total amounts of events
[0.0, 122716375.0, 31.0, 88221902.0, 7037397.0, 33200.0, 10.0, 10.0]
Events to Jobs
jobs = -7.266213572446273e-06 * events + 334.8637426218678
r^2 = 0.9034286764260056
Probes to Jobs
jobs = -29.41428571428572 * probes + 340.8
r^2 = 0.07641978162717467
Probes to Events
events = 3114413.214285714 * probes + 0.0
r^2 = 0.05006844363528573
All jobs
[341.0, 255.0, 339.0, 261.0, 302.0, 340.0, 342.0, 339.0, 341.0, 254.0, 339.0, 260.0, 303.0, 341.0, 341.0, 340.0, 340.0, 255.0, 338.0, 260.0, 305.0, 340.0, 342.0, 340.0, 341.0, 254.0, 338.0, 261.0, 308.0, 340.0, 342.0, 340.0, 341.0, 255.0, 338.0, 261.0, 302.0, 340.0, 341.0, 340.0, 341.0, 255.0, 339.0, 261.0, 306.0, 340.0, 341.0, 340.0, 341.0, 254.0, 338.0, 261.0, 302.0, 341.0, 341.0, 340.0, 341.0, 255.0, 338.0, 260.0, 307.0, 340.0, 341.0, 340.0, 340.0, 254.0, 339.0, 259.0, 305.0, 340.0, 342.0, 340.0, 341.0, 254.0, 339.0, 261.0, 308.0, 341.0, 340.0, 339.0]
All events
[0.0, 12256341.0, 2.0, 8826717.0, 695599.0, 3365.0, 1.0, 1.0, 0.0, 12264534.0, 1.0, 8803385.0, 700587.0, 3378.0, 1.0, 1.0, 0.0, 12292989.0, 11.0, 8816108.0, 702059.0, 3272.0, 1.0, 1.0, 0.0, 12277668.0, 1.0, 8832237.0, 700760.0, 3249.0, 1.0, 1.0, 0.0, 12271475.0, 1.0, 8834584.0, 709189.0, 3342.0, 1.0, 1.0, 0.0, 12250145.0, 1.0, 8820121.0, 702251.0, 3330.0, 1.0, 1.0, 0.0, 12286723.0, 1.0, 8834009.0, 712496.0, 3250.0, 1.0, 1.0, 0.0, 12256188.0, 1.0, 8834623.0, 703973.0, 3338.0, 1.0, 1.0, 0.0, 12332085.0, 1.0, 8796479.0, 706999.0, 3345.0, 1.0, 1.0, 0.0, 12228227.0, 11.0, 8823639.0, 703484.0, 3331.0, 1.0, 1.0]
