iterations 10 | time 20 | threads 500 | depth 1500 | governor X
Relative amounts of jobs
[10.07268, 10.05993, 9.90692, 8.86141, 8.77215, 8.7339, 8.7339, 8.6574, 8.69565, 8.7339, 8.77215]
Relative amounts of events
[9.89774, 10.27486, 9.72158, 10.08336, 4.76457, 10.12938, 5.45693, 9.93151, 9.86353, 10.00577, 9.87077]
Total amounts of jobs
[790.0, 789.0, 777.0, 695.0, 688.0, 685.0, 685.0, 679.0, 682.0, 685.0, 688.0]
Total amounts of events
[24042291.0, 24958340.0, 23614368.0, 24493157.0, 11573467.0, 24604951.0, 13255252.0, 24124316.0, 23959171.0, 24304682.0, 23976763.0]
Events to Jobs
jobs = -3.7829741165415753e-07 * events + 99.18613747280878
r^2 = 0.508535912698006
Probes to Jobs
jobs = -2.814285714285715 * probes + 100.5
r^2 = 0.11728423044028813
Probes to Events
events = 3470096.542857145 * probes + -1.862645149230957e-09
r^2 = 0.0501800947543245
All jobs
[98.0, 97.0, 102.0, 96.0, 97.0, 98.0, 98.0, 98.0, 99.0, 96.0, 101.0, 95.0, 97.0, 96.0, 102.0, 98.0, 99.0, 94.0, 102.0, 95.0, 97.0, 99.0, 101.0, 101.0, 101.0, 95.0, 97.0, 95.0, 95.0, 96.0, 101.0, 102.0, 102.0, 95.0, 96.0, 92.0, 99.0, 97.0, 96.0, 99.0, 100.0, 93.0, 99.0, 94.0, 101.0, 99.0, 97.0, 101.0, 101.0, 96.0, 100.0, 95.0, 97.0, 97.0, 100.0, 101.0, 105.0, 95.0, 101.0, 97.0, 99.0, 99.0, 97.0, 99.0, 100.0, 93.0, 100.0, 96.0, 96.0, 101.0, 101.0, 102.0, 100.0, 91.0, 98.0, 94.0, 99.0, 99.0, 98.0, 98.0]
All events
[0.0, 12740994.0, 1.0, 11174203.0, 544898.0, 3920.0, 1.0, 1.0, 0.0, 12805565.0, 1.0, 10867320.0, 543126.0, 3929.0, 1.0, 1.0, 0.0, 12715245.0, 1.0, 10703793.0, 558741.0, 3984.0, 1.0, 1.0, 0.0, 12782030.0, 1.0, 11371850.0, 536085.0, 3928.0, 1.0, 1.0, 0.0, 12613502.0, 1.0, 10491874.0, 533029.0, 3918.0, 1.0, 1.0, 0.0, 12723966.0, 1.0, 10612445.0, 557492.0, 3912.0, 1.0, 1.0, 0.0, 12684623.0, 1.0, 11532939.0, 531409.0, 3912.0, 1.0, 1.0, 0.0, 12582147.0, 1.0, 11024648.0, 544556.0, 3919.0, 1.0, 1.0, 0.0, 12821010.0, 1.0, 11670305.0, 536415.0, 3892.0, 1.0, 1.0, 0.0, 12587446.0, 1.0, 10936462.0, 539322.0, 3974.0, 1.0, 1.0]
