iterations 10 | time 20 | threads 500 | depth 1500 | governor X
Relative amounts of jobs
[15.93808, 5.40908, 15.59789, 2.85763, 13.01242, 15.64892, 15.785, 15.75098]
Relative amounts of events
[0.0, 49.67853, 0.00119, 35.51453, 14.4977, 0.30793, 6e-05, 6e-05]
Total amounts of jobs
[937.0, 318.0, 917.0, 168.0, 765.0, 920.0, 928.0, 926.0]
Total amounts of events
[0.0, 7990769.0, 192.0, 5712496.0, 2331948.0, 49531.0, 10.0, 10.0]
Events to Jobs
jobs = -9.321603224753872e-05 * events + 92.229697214953
r^2 = 0.8894546449546228
Probes to Jobs
jobs = -23.100000000000005 * probes + 93.7
r^2 = 0.06863480269793387
Probes to Events
events = 229785.08571428573 * probes + 0.0
r^2 = 0.06634703558396582
All jobs
[93.0, 33.0, 90.0, 17.0, 79.0, 91.0, 93.0, 93.0, 93.0, 31.0, 91.0, 18.0, 75.0, 91.0, 94.0, 92.0, 96.0, 33.0, 91.0, 16.0, 77.0, 93.0, 91.0, 94.0, 94.0, 31.0, 95.0, 18.0, 79.0, 93.0, 92.0, 94.0, 93.0, 31.0, 94.0, 17.0, 81.0, 90.0, 95.0, 92.0, 94.0, 31.0, 93.0, 17.0, 77.0, 92.0, 93.0, 93.0, 94.0, 32.0, 89.0, 16.0, 69.0, 93.0, 92.0, 93.0, 94.0, 32.0, 92.0, 13.0, 76.0, 93.0, 93.0, 93.0, 94.0, 31.0, 93.0, 17.0, 78.0, 92.0, 92.0, 91.0, 92.0, 33.0, 89.0, 19.0, 74.0, 92.0, 93.0, 91.0]
All events
[0.0, 782323.0, 35.0, 558145.0, 235010.0, 4938.0, 1.0, 1.0, 0.0, 830213.0, 4.0, 582017.0, 230643.0, 4909.0, 1.0, 1.0, 0.0, 805610.0, 16.0, 567395.0, 227619.0, 4996.0, 1.0, 1.0, 0.0, 801335.0, 11.0, 548431.0, 239899.0, 4859.0, 1.0, 1.0, 0.0, 801089.0, 61.0, 590677.0, 234484.0, 4945.0, 1.0, 1.0, 0.0, 796579.0, 1.0, 560540.0, 238024.0, 4936.0, 1.0, 1.0, 0.0, 806168.0, 33.0, 562338.0, 231247.0, 4952.0, 1.0, 1.0, 0.0, 799542.0, 5.0, 597873.0, 229416.0, 4994.0, 1.0, 1.0, 0.0, 778356.0, 10.0, 594143.0, 236193.0, 5033.0, 1.0, 1.0, 0.0, 789554.0, 16.0, 550937.0, 229413.0, 4969.0, 1.0, 1.0]
