iterations 10 | time 20 | threads 500 | depth 1500 | governor powersave
Relative amounts of jobs
[12.68694, 12.69698, 13.12858, 8.77246, 12.93787, 13.32932, 13.28415, 13.16371]
Relative amounts of events
[0.0, 71.41488, 2e-05, 27.14179, 1.43383, 0.00948, 0.0, 0.0]
Total amounts of jobs
[2528.0, 2530.0, 2616.0, 1748.0, 2578.0, 2656.0, 2647.0, 2623.0]
Total amounts of events
[0.0, 260584906.0, 77.0, 99037339.0, 5231881.0, 34591.0, 10.0, 10.0]
Events to Jobs
jobs = -1.0286276176809197e-06 * events + 253.76668389329043
r^2 = 0.09909219967820349
Probes to Jobs
jobs = -4.257142857142857 * probes + 252.79999999999998
r^2 = 0.0024306377060105966
Probes to Events
events = 5212697.342857142 * probes + 9.313225746154785e-10
r^2 = 0.038912191834335585
All jobs
[259.0, 252.0, 263.0, 176.0, 260.0, 266.0, 263.0, 261.0, 253.0, 250.0, 262.0, 171.0, 258.0, 265.0, 267.0, 264.0, 258.0, 254.0, 256.0, 169.0, 254.0, 264.0, 264.0, 261.0, 252.0, 254.0, 257.0, 176.0, 260.0, 270.0, 269.0, 264.0, 249.0, 254.0, 266.0, 175.0, 259.0, 263.0, 262.0, 260.0, 253.0, 251.0, 262.0, 178.0, 260.0, 267.0, 265.0, 260.0, 250.0, 255.0, 264.0, 180.0, 256.0, 265.0, 265.0, 260.0, 250.0, 250.0, 263.0, 176.0, 261.0, 265.0, 263.0, 263.0, 254.0, 255.0, 265.0, 175.0, 254.0, 264.0, 263.0, 264.0, 250.0, 255.0, 258.0, 172.0, 256.0, 267.0, 266.0, 266.0]
All events
[0.0, 26311105.0, 6.0, 9932848.0, 528013.0, 3455.0, 1.0, 1.0, 0.0, 25985968.0, 32.0, 9823967.0, 523193.0, 3487.0, 1.0, 1.0, 0.0, 26055149.0, 12.0, 9862276.0, 524420.0, 3463.0, 1.0, 1.0, 0.0, 26157099.0, 1.0, 9788536.0, 519701.0, 3485.0, 1.0, 1.0, 0.0, 26155722.0, 1.0, 9853106.0, 521143.0, 3467.0, 1.0, 1.0, 0.0, 26072594.0, 1.0, 9997975.0, 516771.0, 3451.0, 1.0, 1.0, 0.0, 26121384.0, 1.0, 10040579.0, 529885.0, 3451.0, 1.0, 1.0, 0.0, 25789644.0, 7.0, 9762908.0, 518058.0, 3448.0, 1.0, 1.0, 0.0, 25775932.0, 1.0, 10080804.0, 525192.0, 3439.0, 1.0, 1.0, 0.0, 26160309.0, 15.0, 9894340.0, 525505.0, 3445.0, 1.0, 1.0]
