iterations 10 | time 20 | threads 500 | depth 1500 | governor performance
Relative amounts of jobs
[12.67061, 12.08926, 12.50812, 12.29869, 12.47563, 12.67061, 12.67061, 12.61645]
Relative amounts of events
[0.0, 69.81486, 1e-05, 28.61191, 1.56537, 0.00785, 0.0, 0.0]
Total amounts of jobs
[3509.0, 3348.0, 3464.0, 3406.0, 3455.0, 3509.0, 3509.0, 3494.0]
Total amounts of events
[0.0, 311573275.0, 29.0, 127690647.0, 6985993.0, 35045.0, 10.0, 10.0]
Events to Jobs
jobs = -4.804710293017082e-07 * events + 348.8553377204519
r^2 = 0.8035860553556937
Probes to Jobs
jobs = -5.3999999999999995 * probes + 350.90000000000003
r^2 = 0.1003125552869022
Probes to Events
events = 6375500.128571428 * probes + 0.0
r^2 = 0.040169674482654516
All jobs
[351.0, 342.0, 346.0, 338.0, 346.0, 351.0, 351.0, 349.0, 351.0, 335.0, 346.0, 340.0, 345.0, 351.0, 351.0, 349.0, 351.0, 337.0, 347.0, 341.0, 346.0, 351.0, 351.0, 350.0, 351.0, 333.0, 347.0, 342.0, 345.0, 351.0, 350.0, 349.0, 351.0, 334.0, 346.0, 342.0, 345.0, 351.0, 351.0, 349.0, 350.0, 330.0, 347.0, 341.0, 345.0, 351.0, 351.0, 349.0, 351.0, 337.0, 346.0, 342.0, 346.0, 351.0, 351.0, 350.0, 351.0, 334.0, 347.0, 340.0, 345.0, 351.0, 351.0, 350.0, 351.0, 331.0, 346.0, 336.0, 346.0, 351.0, 351.0, 350.0, 351.0, 335.0, 346.0, 344.0, 346.0, 350.0, 351.0, 349.0]
All events
[0.0, 31669537.0, 1.0, 12764861.0, 700309.0, 3475.0, 1.0, 1.0, 0.0, 31114003.0, 1.0, 12808977.0, 697438.0, 3483.0, 1.0, 1.0, 0.0, 31294205.0, 1.0, 12690667.0, 699853.0, 3607.0, 1.0, 1.0, 0.0, 31071600.0, 9.0, 12829417.0, 698013.0, 3413.0, 1.0, 1.0, 0.0, 31068231.0, 10.0, 12746425.0, 698267.0, 3496.0, 1.0, 1.0, 0.0, 30930814.0, 2.0, 12839034.0, 696988.0, 3478.0, 1.0, 1.0, 0.0, 31255509.0, 1.0, 12728767.0, 698880.0, 3464.0, 1.0, 1.0, 0.0, 31051505.0, 1.0, 12733876.0, 697681.0, 3589.0, 1.0, 1.0, 0.0, 30931633.0, 2.0, 12769757.0, 699727.0, 3450.0, 1.0, 1.0, 0.0, 31186238.0, 1.0, 12778866.0, 698837.0, 3590.0, 1.0, 1.0]
