iterations 10 | time 20 | threads 500 | depth 1500 | governor performance
Relative amounts of jobs
[13.11815, 11.63045, 12.98256, 10.12768, 12.82438, 13.11815, 13.11815, 13.08049]
Relative amounts of events
[0.0, 64.56654, 1e-05, 33.5484, 1.87533, 0.00972, 0.0, 0.0]
Total amounts of jobs
[3483.0, 3088.0, 3447.0, 2689.0, 3405.0, 3483.0, 3483.0, 3473.0]
Total amounts of events
[0.0, 230816282.0, 22.0, 119930811.0, 6704034.0, 34737.0, 10.0, 10.0]
Events to Jobs
jobs = -2.4786075097439616e-06 * events + 342.9633406404903
r^2 = 0.5473281043302218
Probes to Jobs
jobs = -18.757142857142867 * probes + 348.3
r^2 = 0.05301754441752293
Probes to Events
events = 5106941.514285714 * probes + 0.0
r^2 = 0.04411393294334587
All jobs
[348.0, 309.0, 345.0, 273.0, 341.0, 349.0, 348.0, 347.0, 349.0, 305.0, 345.0, 262.0, 341.0, 348.0, 349.0, 346.0, 349.0, 310.0, 344.0, 267.0, 340.0, 348.0, 349.0, 347.0, 349.0, 305.0, 344.0, 271.0, 339.0, 349.0, 348.0, 347.0, 348.0, 309.0, 344.0, 275.0, 341.0, 348.0, 348.0, 348.0, 348.0, 309.0, 345.0, 268.0, 341.0, 348.0, 348.0, 348.0, 348.0, 307.0, 345.0, 271.0, 340.0, 348.0, 348.0, 348.0, 348.0, 312.0, 345.0, 269.0, 341.0, 348.0, 349.0, 347.0, 348.0, 311.0, 345.0, 270.0, 341.0, 348.0, 348.0, 348.0, 348.0, 311.0, 345.0, 263.0, 340.0, 349.0, 348.0, 347.0]
All events
[0.0, 23123869.0, 1.0, 11878064.0, 671209.0, 3440.0, 1.0, 1.0, 0.0, 22803164.0, 1.0, 11969684.0, 673151.0, 3468.0, 1.0, 1.0, 0.0, 23142556.0, 8.0, 11987728.0, 671314.0, 3489.0, 1.0, 1.0, 0.0, 23019396.0, 1.0, 12064778.0, 668070.0, 3525.0, 1.0, 1.0, 0.0, 23125756.0, 2.0, 12069627.0, 669224.0, 3421.0, 1.0, 1.0, 0.0, 23130699.0, 3.0, 12027199.0, 673074.0, 3525.0, 1.0, 1.0, 0.0, 23031101.0, 1.0, 12045720.0, 670271.0, 3488.0, 1.0, 1.0, 0.0, 23172361.0, 1.0, 11985672.0, 669669.0, 3464.0, 1.0, 1.0, 0.0, 23130803.0, 3.0, 11953545.0, 669736.0, 3498.0, 1.0, 1.0, 0.0, 23136577.0, 1.0, 11948794.0, 668316.0, 3419.0, 1.0, 1.0]
