iterations 10 | time 20 | threads 500 | depth 1500 | governor performance
Relative amounts of jobs
[13.19614, 13.21177, 12.63871, 8.99192, 12.87835, 13.09195, 13.27429, 12.71685]
Relative amounts of events
[0.0, 71.41174, 3e-05, 27.10319, 1.47563, 0.0094, 0.0, 0.0]
Total amounts of jobs
[2533.0, 2536.0, 2426.0, 1726.0, 2472.0, 2513.0, 2548.0, 2441.0]
Total amounts of events
[0.0, 262096912.0, 111.0, 99474730.0, 5415895.0, 34518.0, 10.0, 10.0]
Events to Jobs
jobs = -4.983035424074385e-07 * events + 242.223605692824
r^2 = 0.028457194480768222
Probes to Jobs
jobs = -15.271428571428565 * probes + 253.29999999999998
r^2 = 0.037852320893832836
Probes to Events
events = 5243174.085714288 * probes + -1.862645149230957e-09
r^2 = 0.03893297627151471
All jobs
[257.0, 256.0, 240.0, 175.0, 246.0, 249.0, 257.0, 246.0, 251.0, 252.0, 246.0, 178.0, 248.0, 253.0, 253.0, 243.0, 250.0, 256.0, 243.0, 174.0, 250.0, 246.0, 249.0, 244.0, 254.0, 253.0, 240.0, 169.0, 246.0, 248.0, 260.0, 245.0, 254.0, 253.0, 238.0, 169.0, 246.0, 256.0, 257.0, 241.0, 252.0, 253.0, 243.0, 171.0, 251.0, 252.0, 252.0, 240.0, 251.0, 254.0, 250.0, 172.0, 245.0, 253.0, 254.0, 244.0, 254.0, 254.0, 239.0, 171.0, 246.0, 257.0, 254.0, 250.0, 253.0, 252.0, 247.0, 171.0, 249.0, 252.0, 260.0, 244.0, 257.0, 253.0, 240.0, 176.0, 245.0, 247.0, 252.0, 244.0]
All events
[0.0, 26037681.0, 1.0, 9819001.0, 537679.0, 3444.0, 1.0, 1.0, 0.0, 26233715.0, 1.0, 9832717.0, 543473.0, 3455.0, 1.0, 1.0, 0.0, 26284573.0, 35.0, 10012520.0, 537685.0, 3476.0, 1.0, 1.0, 0.0, 26270154.0, 37.0, 9881745.0, 545121.0, 3460.0, 1.0, 1.0, 0.0, 25881881.0, 30.0, 9902236.0, 544994.0, 3432.0, 1.0, 1.0, 0.0, 26373160.0, 1.0, 9989453.0, 528972.0, 3452.0, 1.0, 1.0, 0.0, 26407453.0, 1.0, 9949175.0, 551357.0, 3447.0, 1.0, 1.0, 0.0, 26337128.0, 3.0, 10059516.0, 544237.0, 3449.0, 1.0, 1.0, 0.0, 26084818.0, 1.0, 10100041.0, 531361.0, 3444.0, 1.0, 1.0, 0.0, 26186349.0, 1.0, 9928326.0, 551016.0, 3459.0, 1.0, 1.0]
