iterations 10 | time 20 | threads 500 | depth 1500 | governor powersave
Relative amounts of jobs
[11.92373, 15.47515, 11.60508, 14.92522, 10.7108, 11.90831, 11.7644, 11.68731]
Relative amounts of events
[0.0, 71.34366, 1e-05, 27.12892, 1.52016, 0.00724, 0.0, 0.0]
Total amounts of jobs
[2320.0, 3011.0, 2258.0, 2904.0, 2084.0, 2317.0, 2289.0, 2274.0]
Total amounts of events
[0.0, 328090859.0, 35.0, 124758835.0, 6990799.0, 33317.0, 10.0, 10.0]
Events to Jobs
jobs = 2.5434808171044308e-06 * events + 228.59149557606034
r^2 = 0.7742720461504118
Probes to Jobs
jobs = 12.814285714285713 * probes + 232.0
r^2 = 0.017759915251321035
Probes to Events
events = 6569626.642857145 * probes + -1.862645149230957e-09
r^2 = 0.03900289231293019
All jobs
[251.0, 312.0, 225.0, 294.0, 208.0, 242.0, 228.0, 231.0, 237.0, 310.0, 221.0, 289.0, 209.0, 232.0, 236.0, 222.0, 237.0, 300.0, 219.0, 294.0, 211.0, 225.0, 224.0, 235.0, 237.0, 298.0, 227.0, 285.0, 220.0, 231.0, 226.0, 230.0, 232.0, 298.0, 223.0, 291.0, 199.0, 219.0, 226.0, 233.0, 222.0, 300.0, 220.0, 294.0, 206.0, 233.0, 234.0, 221.0, 229.0, 305.0, 238.0, 282.0, 210.0, 239.0, 231.0, 220.0, 218.0, 295.0, 221.0, 294.0, 203.0, 229.0, 221.0, 230.0, 229.0, 295.0, 233.0, 289.0, 203.0, 236.0, 236.0, 229.0, 228.0, 298.0, 231.0, 292.0, 215.0, 231.0, 227.0, 223.0]
All events
[0.0, 32471854.0, 5.0, 12406213.0, 691758.0, 3325.0, 1.0, 1.0, 0.0, 32754560.0, 1.0, 12388522.0, 698693.0, 3335.0, 1.0, 1.0, 0.0, 32836284.0, 1.0, 12633092.0, 705875.0, 3331.0, 1.0, 1.0, 0.0, 32816949.0, 10.0, 12402957.0, 693774.0, 3349.0, 1.0, 1.0, 0.0, 32998751.0, 5.0, 12385665.0, 709144.0, 3316.0, 1.0, 1.0, 0.0, 32751955.0, 8.0, 12533962.0, 709679.0, 3343.0, 1.0, 1.0, 0.0, 32480508.0, 1.0, 12516928.0, 707921.0, 3318.0, 1.0, 1.0, 0.0, 33026983.0, 2.0, 12567333.0, 692630.0, 3353.0, 1.0, 1.0, 0.0, 33024744.0, 1.0, 12445687.0, 689080.0, 3308.0, 1.0, 1.0, 0.0, 32928271.0, 1.0, 12478476.0, 692245.0, 3339.0, 1.0, 1.0]
