iterations 10 | time 20 | threads 500 | depth 1500 | governor X
Relative amounts of jobs
[15.83872, 5.41, 15.49847, 3.09629, 13.06567, 15.66859, 15.71963, 15.70262]
Relative amounts of events
[0.0, 50.197, 0.00161, 34.95401, 14.53369, 0.31356, 6e-05, 6e-05]
Total amounts of jobs
[931.0, 318.0, 911.0, 182.0, 768.0, 921.0, 924.0, 923.0]
Total amounts of events
[0.0, 8037970.0, 258.0, 5597133.0, 2327258.0, 50210.0, 10.0, 10.0]
Events to Jobs
jobs = -9.169261086328281e-05 * events + 91.82824915211884
r^2 = 0.8871047136736
Probes to Jobs
jobs = -22.42857142857143 * probes + 93.1
r^2 = 0.06697112913720393
Probes to Events
events = 228754.9857142857 * probes + 0.0
r^2 = 0.06602665930636997
All jobs
[93.0, 32.0, 88.0, 17.0, 78.0, 93.0, 93.0, 93.0, 94.0, 32.0, 92.0, 19.0, 77.0, 93.0, 92.0, 93.0, 93.0, 33.0, 93.0, 18.0, 79.0, 94.0, 92.0, 92.0, 93.0, 32.0, 94.0, 19.0, 76.0, 91.0, 91.0, 92.0, 93.0, 31.0, 92.0, 19.0, 79.0, 92.0, 91.0, 93.0, 94.0, 31.0, 91.0, 18.0, 76.0, 93.0, 95.0, 92.0, 94.0, 33.0, 91.0, 18.0, 71.0, 91.0, 92.0, 91.0, 94.0, 32.0, 90.0, 17.0, 79.0, 93.0, 94.0, 93.0, 93.0, 31.0, 90.0, 19.0, 76.0, 90.0, 91.0, 91.0, 90.0, 31.0, 90.0, 18.0, 77.0, 91.0, 93.0, 93.0]
All events
[0.0, 813623.0, 12.0, 567998.0, 229145.0, 5003.0, 1.0, 1.0, 0.0, 801956.0, 118.0, 561309.0, 231378.0, 5017.0, 1.0, 1.0, 0.0, 793744.0, 11.0, 577728.0, 235424.0, 5026.0, 1.0, 1.0, 0.0, 773508.0, 1.0, 560175.0, 224993.0, 4992.0, 1.0, 1.0, 0.0, 802175.0, 2.0, 542899.0, 238135.0, 5006.0, 1.0, 1.0, 0.0, 793314.0, 1.0, 557130.0, 221177.0, 5061.0, 1.0, 1.0, 0.0, 796705.0, 1.0, 574729.0, 255145.0, 5061.0, 1.0, 1.0, 0.0, 811073.0, 26.0, 549922.0, 232921.0, 4982.0, 1.0, 1.0, 0.0, 829983.0, 85.0, 546125.0, 232507.0, 5047.0, 1.0, 1.0, 0.0, 821889.0, 1.0, 559118.0, 226433.0, 5015.0, 1.0, 1.0]
