iterations 10 | time 20 | threads 500 | depth 1500 | governor performance
Relative amounts of jobs
[14.74129, 6.44583, 14.67751, 5.71235, 14.15531, 14.7373, 14.77318, 14.75724]
Relative amounts of events
[0.0, 55.42635, 1e-05, 42.37328, 2.1841, 0.01625, 1e-05, 1e-05]
Total amounts of jobs
[3698.0, 1617.0, 3682.0, 1433.0, 3551.0, 3697.0, 3706.0, 3702.0]
Total amounts of events
[0.0, 109644444.0, 28.0, 83822839.0, 4320581.0, 32143.0, 10.0, 10.0]
Events to Jobs
jobs = -2.1688154133472942e-05 * events + 367.20439804415116
r^2 = 0.9588479143077691
Probes to Jobs
jobs = -64.25714285714288 * probes + 369.8
r^2 = 0.05195384794126545
Probes to Events
events = 2826000.7857142854 * probes + 0.0
r^2 = 0.04929636623143063
All jobs
[370.0, 162.0, 367.0, 144.0, 355.0, 370.0, 370.0, 370.0, 370.0, 161.0, 369.0, 143.0, 356.0, 370.0, 370.0, 371.0, 370.0, 162.0, 367.0, 143.0, 356.0, 369.0, 371.0, 370.0, 370.0, 162.0, 367.0, 143.0, 356.0, 369.0, 371.0, 370.0, 370.0, 162.0, 369.0, 144.0, 354.0, 370.0, 371.0, 370.0, 370.0, 161.0, 369.0, 143.0, 355.0, 370.0, 371.0, 370.0, 370.0, 161.0, 369.0, 143.0, 355.0, 370.0, 371.0, 370.0, 369.0, 162.0, 369.0, 143.0, 355.0, 370.0, 370.0, 371.0, 369.0, 162.0, 368.0, 144.0, 355.0, 369.0, 371.0, 370.0, 370.0, 162.0, 368.0, 143.0, 354.0, 370.0, 370.0, 370.0]
All events
[0.0, 11007929.0, 8.0, 8324616.0, 432991.0, 3188.0, 1.0, 1.0, 0.0, 10950105.0, 9.0, 8384770.0, 438236.0, 3196.0, 1.0, 1.0, 0.0, 10943763.0, 2.0, 8367680.0, 433302.0, 3187.0, 1.0, 1.0, 0.0, 11015461.0, 1.0, 8363924.0, 439023.0, 3173.0, 1.0, 1.0, 0.0, 10942979.0, 1.0, 8365852.0, 433548.0, 3301.0, 1.0, 1.0, 0.0, 11000707.0, 2.0, 8385597.0, 434235.0, 3192.0, 1.0, 1.0, 0.0, 10954429.0, 1.0, 8393748.0, 432584.0, 3346.0, 1.0, 1.0, 0.0, 10872623.0, 1.0, 8408758.0, 430911.0, 3190.0, 1.0, 1.0, 0.0, 10971051.0, 1.0, 8408920.0, 430633.0, 3176.0, 1.0, 1.0, 0.0, 10985397.0, 2.0, 8418974.0, 415118.0, 3194.0, 1.0, 1.0]
