iterations 10 | time 20 | threads 500 | depth 1500 | governor powersave
Relative amounts of jobs
[14.73579, 6.43669, 14.69591, 5.71884, 14.14955, 14.72383, 14.77567, 14.76371]
Relative amounts of events
[0.0, 55.45667, 2e-05, 42.33673, 2.19045, 0.01611, 1e-05, 1e-05]
Total amounts of jobs
[3695.0, 1614.0, 3685.0, 1434.0, 3548.0, 3692.0, 3705.0, 3702.0]
Total amounts of events
[0.0, 109485850.0, 36.0, 83583690.0, 4324519.0, 31814.0, 10.0, 10.0]
Events to Jobs
jobs = -2.1725977883950725e-05 * events + 367.0533920896553
r^2 = 0.958933072030115
Probes to Jobs
jobs = -64.07142857142857 * probes + 369.5
r^2 = 0.05168041757618613
Probes to Events
events = 2820370.414285715 * probes + -9.313225746154785e-10
r^2 = 0.04929238922649881
All jobs
[369.0, 162.0, 368.0, 142.0, 356.0, 370.0, 370.0, 370.0, 370.0, 161.0, 369.0, 144.0, 354.0, 369.0, 370.0, 371.0, 369.0, 162.0, 368.0, 143.0, 356.0, 369.0, 370.0, 371.0, 369.0, 162.0, 368.0, 143.0, 356.0, 369.0, 371.0, 370.0, 370.0, 161.0, 369.0, 144.0, 354.0, 369.0, 371.0, 370.0, 370.0, 161.0, 369.0, 143.0, 355.0, 369.0, 370.0, 370.0, 370.0, 161.0, 369.0, 144.0, 354.0, 370.0, 370.0, 370.0, 370.0, 162.0, 367.0, 144.0, 354.0, 369.0, 371.0, 370.0, 369.0, 161.0, 369.0, 144.0, 354.0, 369.0, 371.0, 370.0, 369.0, 161.0, 369.0, 143.0, 355.0, 369.0, 371.0, 370.0]
All events
[0.0, 11005637.0, 1.0, 8346698.0, 434652.0, 3170.0, 1.0, 1.0, 0.0, 10941145.0, 10.0, 8410365.0, 430914.0, 3175.0, 1.0, 1.0, 0.0, 10965533.0, 2.0, 8368092.0, 434018.0, 3201.0, 1.0, 1.0, 0.0, 10930337.0, 1.0, 8279991.0, 436322.0, 3164.0, 1.0, 1.0, 0.0, 10915775.0, 1.0, 8325990.0, 430889.0, 3180.0, 1.0, 1.0, 0.0, 10935117.0, 1.0, 8385659.0, 431076.0, 3180.0, 1.0, 1.0, 0.0, 10926887.0, 1.0, 8324995.0, 427679.0, 3193.0, 1.0, 1.0, 0.0, 10970051.0, 10.0, 8391950.0, 434804.0, 3197.0, 1.0, 1.0, 0.0, 10937633.0, 8.0, 8410479.0, 429485.0, 3181.0, 1.0, 1.0, 0.0, 10957735.0, 1.0, 8339471.0, 434680.0, 3173.0, 1.0, 1.0]
