iterations 10 | time 20 | threads 500 | depth 1500 | governor performance
Relative amounts of jobs
[13.10846, 11.66284, 12.98046, 10.12687, 12.81482, 13.10846, 13.12352, 13.07458]
Relative amounts of events
[0.0, 64.59896, 1e-05, 33.51612, 1.87511, 0.0098, 0.0, 0.0]
Total amounts of jobs
[3482.0, 3098.0, 3448.0, 2690.0, 3404.0, 3482.0, 3486.0, 3473.0]
Total amounts of events
[0.0, 231131888.0, 41.0, 119919024.0, 6709053.0, 35051.0, 10.0, 10.0]
Events to Jobs
jobs = -2.437671180935061e-06 * events + 342.9398343485418
r^2 = 0.53436980471685
Probes to Jobs
jobs = -18.47142857142857 * probes + 348.20000000000005
r^2 = 0.05178129335274728
Probes to Events
events = 5111358.242857144 * probes + -9.313225746154785e-10
r^2 = 0.04409129975886916
All jobs
[348.0, 312.0, 345.0, 260.0, 341.0, 348.0, 349.0, 347.0, 348.0, 302.0, 345.0, 275.0, 341.0, 348.0, 349.0, 347.0, 348.0, 312.0, 344.0, 274.0, 340.0, 348.0, 349.0, 347.0, 348.0, 315.0, 344.0, 266.0, 341.0, 348.0, 349.0, 347.0, 349.0, 307.0, 345.0, 267.0, 339.0, 349.0, 348.0, 348.0, 348.0, 309.0, 345.0, 270.0, 341.0, 348.0, 348.0, 347.0, 348.0, 315.0, 345.0, 265.0, 340.0, 349.0, 348.0, 348.0, 348.0, 307.0, 345.0, 271.0, 341.0, 348.0, 349.0, 347.0, 349.0, 309.0, 345.0, 273.0, 340.0, 348.0, 349.0, 347.0, 348.0, 310.0, 345.0, 269.0, 340.0, 348.0, 348.0, 348.0]
All events
[0.0, 23185485.0, 1.0, 11931838.0, 672179.0, 3497.0, 1.0, 1.0, 0.0, 23072735.0, 1.0, 11897322.0, 673493.0, 3507.0, 1.0, 1.0, 0.0, 23284965.0, 1.0, 11974753.0, 670097.0, 3439.0, 1.0, 1.0, 0.0, 23277291.0, 2.0, 12036855.0, 671315.0, 3498.0, 1.0, 1.0, 0.0, 23016701.0, 1.0, 11993776.0, 667931.0, 3431.0, 1.0, 1.0, 0.0, 23034262.0, 2.0, 12060076.0, 673341.0, 3625.0, 1.0, 1.0, 0.0, 23293528.0, 1.0, 11971915.0, 669149.0, 3453.0, 1.0, 1.0, 0.0, 22916848.0, 1.0, 12030699.0, 672254.0, 3610.0, 1.0, 1.0, 0.0, 22913889.0, 11.0, 12023928.0, 668952.0, 3481.0, 1.0, 1.0, 0.0, 23136184.0, 20.0, 11997862.0, 670342.0, 3510.0, 1.0, 1.0]
