iterations 10 | time 20 | threads 500 | depth 1500 | governor performance
Relative amounts of jobs
[12.64795, 12.09584, 12.5, 12.35205, 12.46391, 12.65156, 12.6696, 12.61908]
Relative amounts of events
[0.0, 69.80233, 2e-05, 28.62732, 1.56257, 0.00776, 0.0, 0.0]
Total amounts of jobs
[3505.0, 3352.0, 3464.0, 3423.0, 3454.0, 3506.0, 3511.0, 3497.0]
Total amounts of events
[0.0, 311967588.0, 94.0, 127944103.0, 6983575.0, 34688.0, 10.0, 10.0]
Events to Jobs
jobs = -4.5275928528658517e-07 * events + 348.92939672700953
r^2 = 0.8120079564749327
Probes to Jobs
jobs = -4.6857142857142895 * probes + 350.5
r^2 = 0.08571938502332921
Probes to Events
events = 6384715.257142859 * probes + -1.862645149230957e-09
r^2 = 0.040177689023140783
All jobs
[351.0, 334.0, 346.0, 345.0, 345.0, 350.0, 351.0, 349.0, 350.0, 331.0, 347.0, 341.0, 346.0, 351.0, 351.0, 351.0, 350.0, 339.0, 346.0, 343.0, 345.0, 350.0, 351.0, 349.0, 350.0, 334.0, 347.0, 342.0, 345.0, 350.0, 351.0, 350.0, 350.0, 337.0, 346.0, 343.0, 345.0, 351.0, 352.0, 349.0, 351.0, 330.0, 346.0, 342.0, 345.0, 351.0, 350.0, 350.0, 350.0, 334.0, 347.0, 342.0, 346.0, 351.0, 351.0, 350.0, 351.0, 336.0, 346.0, 340.0, 345.0, 351.0, 351.0, 349.0, 351.0, 339.0, 346.0, 340.0, 346.0, 351.0, 351.0, 350.0, 351.0, 338.0, 347.0, 345.0, 346.0, 350.0, 352.0, 350.0]
All events
[0.0, 31204812.0, 2.0, 12846689.0, 698171.0, 3439.0, 1.0, 1.0, 0.0, 30883302.0, 73.0, 12717650.0, 699039.0, 3435.0, 1.0, 1.0, 0.0, 31475029.0, 1.0, 12815681.0, 697608.0, 3565.0, 1.0, 1.0, 0.0, 31146775.0, 2.0, 12778191.0, 698336.0, 3428.0, 1.0, 1.0, 0.0, 31090291.0, 1.0, 12818763.0, 697987.0, 3590.0, 1.0, 1.0, 0.0, 30899128.0, 9.0, 12777929.0, 695102.0, 3456.0, 1.0, 1.0, 0.0, 31154270.0, 1.0, 12792603.0, 699793.0, 3444.0, 1.0, 1.0, 0.0, 31215876.0, 2.0, 12791063.0, 697612.0, 3464.0, 1.0, 1.0, 0.0, 31499638.0, 1.0, 12788796.0, 699852.0, 3356.0, 1.0, 1.0, 0.0, 31398467.0, 2.0, 12816738.0, 700075.0, 3511.0, 1.0, 1.0]
