iterations 10 | time 20 | threads 500 | depth 1500 | governor powersave
Relative amounts of jobs
[13.52927, 10.08647, 13.42218, 10.33238, 12.08948, 13.51737, 13.53324, 13.48961]
Relative amounts of events
[0.0, 56.34044, 2e-05, 40.42127, 3.22287, 0.01539, 0.0, 0.0]
Total amounts of jobs
[3411.0, 2543.0, 3384.0, 2605.0, 3048.0, 3408.0, 3412.0, 3401.0]
Total amounts of events
[0.0, 122982977.0, 44.0, 88233739.0, 7035055.0, 33597.0, 10.0, 10.0]
Events to Jobs
jobs = -7.279293616703116e-06 * events + 335.012046897211
r^2 = 0.9033322120240855
Probes to Jobs
jobs = -29.657142857142855 * probes + 341.09999999999997
r^2 = 0.07716074934107364
Probes to Events
events = 3118363.314285716 * probes + -1.3969838619232178e-09
r^2 = 0.05004056690792846
All jobs
[341.0, 254.0, 338.0, 261.0, 305.0, 340.0, 342.0, 340.0, 341.0, 255.0, 338.0, 261.0, 305.0, 341.0, 341.0, 340.0, 341.0, 254.0, 339.0, 260.0, 307.0, 341.0, 341.0, 340.0, 341.0, 255.0, 338.0, 260.0, 306.0, 341.0, 341.0, 341.0, 341.0, 254.0, 339.0, 261.0, 303.0, 341.0, 342.0, 340.0, 341.0, 255.0, 338.0, 261.0, 308.0, 341.0, 341.0, 340.0, 342.0, 254.0, 338.0, 260.0, 305.0, 341.0, 341.0, 340.0, 341.0, 254.0, 339.0, 259.0, 302.0, 341.0, 341.0, 340.0, 341.0, 254.0, 338.0, 261.0, 304.0, 340.0, 341.0, 340.0, 341.0, 254.0, 339.0, 261.0, 303.0, 341.0, 341.0, 340.0]
All events
[0.0, 12292446.0, 11.0, 8827594.0, 705999.0, 3406.0, 1.0, 1.0, 0.0, 12289404.0, 3.0, 8833664.0, 705651.0, 3321.0, 1.0, 1.0, 0.0, 12279483.0, 1.0, 8816568.0, 697439.0, 3376.0, 1.0, 1.0, 0.0, 12305920.0, 1.0, 8837060.0, 703023.0, 3467.0, 1.0, 1.0, 0.0, 12252684.0, 2.0, 8848836.0, 705669.0, 3340.0, 1.0, 1.0, 0.0, 12278807.0, 1.0, 8824312.0, 701754.0, 3326.0, 1.0, 1.0, 0.0, 12314625.0, 10.0, 8827806.0, 704293.0, 3353.0, 1.0, 1.0, 0.0, 12321799.0, 11.0, 8763942.0, 704892.0, 3319.0, 1.0, 1.0, 0.0, 12341687.0, 3.0, 8829969.0, 705812.0, 3335.0, 1.0, 1.0, 0.0, 12306122.0, 1.0, 8823988.0, 700523.0, 3354.0, 1.0, 1.0]
