iterations 10 | time 20 | threads 500 | depth 1500 | governor powersave
Relative amounts of jobs
[12.65896, 12.09538, 12.51084, 12.30491, 12.45665, 12.6698, 12.68064, 12.62283]
Relative amounts of events
[0.0, 69.76714, 1e-05, 28.65715, 1.56788, 0.00783, 0.0, 0.0]
Total amounts of jobs
[3504.0, 3348.0, 3463.0, 3406.0, 3448.0, 3507.0, 3510.0, 3494.0]
Total amounts of events
[0.0, 310611510.0, 23.0, 127584978.0, 6980371.0, 34852.0, 10.0, 10.0]
Events to Jobs
jobs = -4.7409542489388325e-07 * events + 348.63841069600477
r^2 = 0.8123003912100578
Probes to Jobs
jobs = -5.028571428571432 * probes + 350.4
r^2 = 0.09082805536007488
Probes to Events
events = 6360167.914285717 * probes + -1.862645149230957e-09
r^2 = 0.040205252917024925
All jobs
[350.0, 331.0, 346.0, 340.0, 345.0, 350.0, 351.0, 350.0, 351.0, 335.0, 347.0, 338.0, 342.0, 352.0, 351.0, 350.0, 351.0, 337.0, 347.0, 343.0, 345.0, 350.0, 351.0, 349.0, 350.0, 336.0, 346.0, 344.0, 345.0, 351.0, 351.0, 350.0, 351.0, 335.0, 346.0, 340.0, 346.0, 350.0, 351.0, 349.0, 351.0, 336.0, 346.0, 339.0, 345.0, 350.0, 351.0, 349.0, 350.0, 334.0, 346.0, 340.0, 345.0, 351.0, 351.0, 349.0, 350.0, 331.0, 346.0, 340.0, 345.0, 351.0, 351.0, 350.0, 350.0, 336.0, 346.0, 340.0, 345.0, 351.0, 351.0, 349.0, 350.0, 337.0, 347.0, 342.0, 345.0, 351.0, 351.0, 349.0]
All events
[0.0, 30998557.0, 1.0, 12709623.0, 697985.0, 3474.0, 1.0, 1.0, 0.0, 31209073.0, 1.0, 12688402.0, 699448.0, 3528.0, 1.0, 1.0, 0.0, 31312254.0, 2.0, 12805668.0, 698792.0, 3473.0, 1.0, 1.0, 0.0, 31238547.0, 1.0, 12824052.0, 698187.0, 3492.0, 1.0, 1.0, 0.0, 31138716.0, 1.0, 12774246.0, 699361.0, 3416.0, 1.0, 1.0, 0.0, 31265469.0, 1.0, 12760219.0, 697629.0, 3436.0, 1.0, 1.0, 0.0, 31068433.0, 10.0, 12745356.0, 697850.0, 3403.0, 1.0, 1.0, 0.0, 30669556.0, 1.0, 12777535.0, 697638.0, 3586.0, 1.0, 1.0, 0.0, 31225705.0, 2.0, 12737376.0, 696223.0, 3606.0, 1.0, 1.0, 0.0, 30485200.0, 3.0, 12762501.0, 697258.0, 3438.0, 1.0, 1.0]
