iterations 10 | time 20 | threads 500 | depth 1500 | governor powersave
Relative amounts of jobs
[13.13566, 11.64931, 13.00362, 9.98944, 12.84895, 13.13943, 13.13943, 13.09416]
Relative amounts of events
[0.0, 64.62053, 0.0, 33.49172, 1.8779, 0.00984, 0.0, 0.0]
Total amounts of jobs
[3482.0, 3088.0, 3447.0, 2648.0, 3406.0, 3483.0, 3483.0, 3471.0]
Total amounts of events
[0.0, 230903791.0, 15.0, 119673521.0, 6710172.0, 35143.0, 10.0, 10.0]
Events to Jobs
jobs = -2.5330608175837023e-06 * events + 342.66400042933634
r^2 = 0.5234225459242476
Probes to Jobs
jobs = -19.257142857142856 * probes + 348.20000000000005
r^2 = 0.05117364270596825
Probes to Events
events = 5104609.457142858 * probes + 0.0
r^2 = 0.044078466651353065
All jobs
[349.0, 304.0, 344.0, 268.0, 341.0, 348.0, 349.0, 347.0, 348.0, 313.0, 345.0, 271.0, 341.0, 348.0, 348.0, 348.0, 348.0, 310.0, 345.0, 267.0, 341.0, 348.0, 348.0, 347.0, 348.0, 305.0, 345.0, 268.0, 340.0, 349.0, 348.0, 347.0, 348.0, 307.0, 345.0, 261.0, 341.0, 348.0, 348.0, 347.0, 349.0, 313.0, 345.0, 255.0, 340.0, 349.0, 348.0, 347.0, 348.0, 303.0, 345.0, 265.0, 340.0, 349.0, 348.0, 347.0, 348.0, 310.0, 345.0, 265.0, 340.0, 348.0, 349.0, 347.0, 348.0, 309.0, 344.0, 263.0, 342.0, 348.0, 348.0, 347.0, 348.0, 314.0, 344.0, 265.0, 340.0, 348.0, 349.0, 347.0]
All events
[0.0, 22940602.0, 2.0, 11890746.0, 671721.0, 3623.0, 1.0, 1.0, 0.0, 23240800.0, 2.0, 11980066.0, 672464.0, 3480.0, 1.0, 1.0, 0.0, 23178010.0, 1.0, 12050459.0, 671912.0, 3490.0, 1.0, 1.0, 0.0, 22852275.0, 1.0, 12103545.0, 669324.0, 3489.0, 1.0, 1.0, 0.0, 23098005.0, 1.0, 12033776.0, 671055.0, 3474.0, 1.0, 1.0, 0.0, 23224799.0, 4.0, 11847021.0, 669057.0, 3474.0, 1.0, 1.0, 0.0, 22945620.0, 1.0, 12008932.0, 669614.0, 3454.0, 1.0, 1.0, 0.0, 23118259.0, 1.0, 11975329.0, 670438.0, 3585.0, 1.0, 1.0, 0.0, 23077545.0, 1.0, 11876813.0, 674281.0, 3563.0, 1.0, 1.0, 0.0, 23227876.0, 1.0, 11906834.0, 670306.0, 3511.0, 1.0, 1.0]
