iterations 10 | time 20 | threads 500 | depth 1500 | governor powersave
Relative amounts of jobs
[12.65846, 12.09867, 12.52122, 12.28647, 12.47427, 12.66929, 12.66568, 12.62595]
Relative amounts of events
[0.0, 69.8641, 1e-05, 28.56087, 1.56721, 0.00782, 0.0, 0.0]
Total amounts of jobs
[3505.0, 3350.0, 3467.0, 3402.0, 3454.0, 3508.0, 3507.0, 3496.0]
Total amounts of events
[0.0, 311363313.0, 44.0, 127287208.0, 6984569.0, 34836.0, 10.0, 10.0]
Events to Jobs
jobs = -4.769778992604743e-07 * events + 348.76968419492044
r^2 = 0.8377238552677808
Probes to Jobs
jobs = -5.014285714285714 * probes + 350.5
r^2 = 0.09166788815120297
Probes to Events
events = 6366714.142857143 * probes + 0.0
r^2 = 0.04013519761304374
All jobs
[350.0, 337.0, 347.0, 341.0, 346.0, 350.0, 351.0, 350.0, 351.0, 334.0, 347.0, 340.0, 346.0, 351.0, 351.0, 350.0, 351.0, 338.0, 346.0, 339.0, 346.0, 351.0, 350.0, 350.0, 350.0, 334.0, 347.0, 341.0, 345.0, 351.0, 351.0, 349.0, 350.0, 331.0, 346.0, 341.0, 345.0, 351.0, 351.0, 349.0, 350.0, 336.0, 347.0, 341.0, 345.0, 351.0, 350.0, 350.0, 351.0, 336.0, 347.0, 338.0, 346.0, 350.0, 351.0, 349.0, 351.0, 335.0, 347.0, 339.0, 345.0, 351.0, 350.0, 350.0, 350.0, 333.0, 347.0, 341.0, 345.0, 351.0, 351.0, 349.0, 351.0, 336.0, 346.0, 341.0, 345.0, 351.0, 351.0, 350.0]
All events
[0.0, 31281817.0, 1.0, 12739621.0, 700416.0, 3498.0, 1.0, 1.0, 0.0, 30999052.0, 10.0, 12764393.0, 699814.0, 3448.0, 1.0, 1.0, 0.0, 31256633.0, 1.0, 12721608.0, 699570.0, 3568.0, 1.0, 1.0, 0.0, 31085056.0, 2.0, 12738336.0, 697334.0, 3433.0, 1.0, 1.0, 0.0, 30918042.0, 1.0, 12762383.0, 698333.0, 3432.0, 1.0, 1.0, 0.0, 31255713.0, 14.0, 12669598.0, 697494.0, 3436.0, 1.0, 1.0, 0.0, 31219185.0, 10.0, 12631890.0, 698660.0, 3453.0, 1.0, 1.0, 0.0, 31161182.0, 3.0, 12738875.0, 697995.0, 3463.0, 1.0, 1.0, 0.0, 31068262.0, 1.0, 12725911.0, 697318.0, 3501.0, 1.0, 1.0, 0.0, 31118371.0, 1.0, 12794593.0, 697635.0, 3604.0, 1.0, 1.0]
