iterations 10 | time 20 | threads 500 | depth 1500 | governor X
Relative amounts of jobs
[15.82795, 5.49133, 15.50493, 2.90717, 13.10779, 15.57293, 15.82795, 15.75995]
Relative amounts of events
[0.0, 49.3606, 0.00189, 35.58298, 14.74097, 0.31344, 6e-05, 6e-05]
Total amounts of jobs
[931.0, 323.0, 912.0, 171.0, 771.0, 916.0, 931.0, 927.0]
Total amounts of events
[0.0, 7834971.0, 300.0, 5648059.0, 2339823.0, 49752.0, 10.0, 10.0]
Events to Jobs
jobs = -9.396878792840258e-05 * events + 92.1694940391055
r^2 = 0.8899177489056918
Probes to Jobs
jobs = -22.37142857142856 * probes + 93.1
r^2 = 0.06554134368900166
Probes to Events
events = 226756.07142857148 * probes + -5.820766091346741e-11
r^2 = 0.06681333270658407
All jobs
[93.0, 35.0, 92.0, 17.0, 79.0, 91.0, 93.0, 93.0, 93.0, 33.0, 92.0, 18.0, 77.0, 91.0, 93.0, 93.0, 92.0, 33.0, 90.0, 14.0, 75.0, 92.0, 91.0, 93.0, 93.0, 32.0, 94.0, 19.0, 75.0, 93.0, 93.0, 93.0, 93.0, 31.0, 89.0, 18.0, 77.0, 89.0, 94.0, 90.0, 94.0, 31.0, 91.0, 18.0, 78.0, 93.0, 94.0, 92.0, 92.0, 31.0, 91.0, 13.0, 77.0, 92.0, 94.0, 93.0, 93.0, 32.0, 90.0, 19.0, 76.0, 92.0, 93.0, 93.0, 95.0, 33.0, 92.0, 17.0, 78.0, 92.0, 93.0, 94.0, 93.0, 32.0, 91.0, 18.0, 79.0, 91.0, 93.0, 93.0]
All events
[0.0, 743752.0, 71.0, 555778.0, 242006.0, 4965.0, 1.0, 1.0, 0.0, 760047.0, 1.0, 569524.0, 234548.0, 5011.0, 1.0, 1.0, 0.0, 796276.0, 59.0, 604974.0, 225149.0, 5001.0, 1.0, 1.0, 0.0, 795811.0, 1.0, 561239.0, 229685.0, 4972.0, 1.0, 1.0, 0.0, 801629.0, 1.0, 549409.0, 237093.0, 4927.0, 1.0, 1.0, 0.0, 794770.0, 71.0, 554104.0, 232987.0, 4981.0, 1.0, 1.0, 0.0, 802203.0, 30.0, 575168.0, 232253.0, 5016.0, 1.0, 1.0, 0.0, 797190.0, 1.0, 566058.0, 231287.0, 4977.0, 1.0, 1.0, 0.0, 764372.0, 2.0, 569527.0, 236344.0, 4976.0, 1.0, 1.0, 0.0, 778921.0, 63.0, 542278.0, 238471.0, 4926.0, 1.0, 1.0]
