iterations 10 | time 20 | threads 500 | depth 1500 | governor performance
Relative amounts of jobs
[12.85022, 12.56056, 13.06997, 8.73995, 13.02502, 13.26974, 13.37961, 13.10493]
Relative amounts of events
[0.0, 71.10338, 1e-05, 27.46004, 1.42709, 0.00948, 0.0, 0.0]
Total amounts of jobs
[2573.0, 2515.0, 2617.0, 1750.0, 2608.0, 2657.0, 2679.0, 2624.0]
Total amounts of events
[0.0, 258092249.0, 22.0, 99674924.0, 5180074.0, 34421.0, 10.0, 10.0]
Events to Jobs
jobs = -1.184393044065263e-06 * events + 255.66141265558642
r^2 = 0.12583287591082282
Probes to Jobs
jobs = -8.014285714285714 * probes + 257.3
r^2 = 0.008383783408393075
Probes to Events
events = 5185453.0 * probes + 0.0
r^2 = 0.03912743563467502
All jobs
[260.0, 251.0, 264.0, 172.0, 266.0, 265.0, 268.0, 262.0, 260.0, 252.0, 263.0, 178.0, 258.0, 263.0, 269.0, 264.0, 257.0, 257.0, 258.0, 174.0, 259.0, 266.0, 266.0, 260.0, 260.0, 253.0, 262.0, 179.0, 260.0, 267.0, 268.0, 265.0, 260.0, 254.0, 264.0, 173.0, 263.0, 266.0, 267.0, 264.0, 255.0, 251.0, 261.0, 177.0, 260.0, 269.0, 269.0, 259.0, 258.0, 247.0, 264.0, 180.0, 257.0, 267.0, 268.0, 265.0, 257.0, 251.0, 262.0, 168.0, 262.0, 267.0, 268.0, 261.0, 253.0, 253.0, 259.0, 177.0, 262.0, 263.0, 266.0, 264.0, 253.0, 246.0, 260.0, 172.0, 261.0, 264.0, 270.0, 260.0]
All events
[0.0, 25587895.0, 1.0, 9819587.0, 512976.0, 3423.0, 1.0, 1.0, 0.0, 25919813.0, 2.0, 9973410.0, 523512.0, 3430.0, 1.0, 1.0, 0.0, 26502214.0, 2.0, 10038001.0, 514670.0, 3438.0, 1.0, 1.0, 0.0, 25848876.0, 2.0, 9955280.0, 522051.0, 3448.0, 1.0, 1.0, 0.0, 26309908.0, 1.0, 9950432.0, 515997.0, 3435.0, 1.0, 1.0, 0.0, 25862210.0, 1.0, 9906116.0, 516351.0, 3434.0, 1.0, 1.0, 0.0, 24771061.0, 7.0, 9997157.0, 528921.0, 3473.0, 1.0, 1.0, 0.0, 25952355.0, 1.0, 10067634.0, 517603.0, 3450.0, 1.0, 1.0, 0.0, 26275714.0, 4.0, 10020526.0, 515393.0, 3460.0, 1.0, 1.0, 0.0, 25062203.0, 1.0, 9946781.0, 512600.0, 3430.0, 1.0, 1.0]
