iterations 10 | time 20 | threads 500 | depth 1500 | governor performance
Relative amounts of jobs
[13.51823, 10.09007, 13.44681, 10.31623, 12.07793, 13.5222, 13.53807, 13.49046]
Relative amounts of events
[0.0, 56.24288, 2e-05, 40.50565, 3.23621, 0.01524, 0.0, 0.0]
Total amounts of jobs
[3407.0, 2543.0, 3389.0, 2600.0, 3044.0, 3408.0, 3412.0, 3400.0]
Total amounts of events
[0.0, 122525868.0, 37.0, 88242093.0, 7050125.0, 33201.0, 10.0, 10.0]
Events to Jobs
jobs = -7.313926261386765e-06 * events + 334.95435832450005
r^2 = 0.9016249651149054
Probes to Jobs
jobs = -29.32857142857143 * probes + 340.70000000000005
r^2 = 0.07498931998720304
Probes to Events
events = 3112162.057142856 * probes + 9.313225746154785e-10
r^2 = 0.05009763570972914
All jobs
[341.0, 254.0, 339.0, 260.0, 304.0, 341.0, 341.0, 340.0, 341.0, 254.0, 339.0, 259.0, 303.0, 341.0, 341.0, 340.0, 341.0, 254.0, 339.0, 260.0, 307.0, 341.0, 342.0, 339.0, 341.0, 253.0, 339.0, 261.0, 305.0, 340.0, 342.0, 340.0, 340.0, 254.0, 340.0, 260.0, 306.0, 340.0, 341.0, 340.0, 340.0, 254.0, 338.0, 261.0, 303.0, 341.0, 341.0, 341.0, 341.0, 255.0, 339.0, 261.0, 305.0, 341.0, 341.0, 340.0, 341.0, 254.0, 338.0, 260.0, 306.0, 341.0, 341.0, 340.0, 341.0, 255.0, 339.0, 260.0, 305.0, 341.0, 341.0, 340.0, 340.0, 256.0, 339.0, 258.0, 300.0, 341.0, 341.0, 340.0]
All events
[0.0, 12240282.0, 2.0, 8833619.0, 704158.0, 3347.0, 1.0, 1.0, 0.0, 12243140.0, 1.0, 8795082.0, 704428.0, 3356.0, 1.0, 1.0, 0.0, 12213908.0, 1.0, 8826130.0, 707327.0, 3285.0, 1.0, 1.0, 0.0, 12240549.0, 8.0, 8842276.0, 702740.0, 3283.0, 1.0, 1.0, 0.0, 12282423.0, 1.0, 8798461.0, 707030.0, 3338.0, 1.0, 1.0, 0.0, 12294491.0, 1.0, 8838159.0, 707701.0, 3329.0, 1.0, 1.0, 0.0, 12243907.0, 2.0, 8827449.0, 698924.0, 3381.0, 1.0, 1.0, 0.0, 12295968.0, 10.0, 8840515.0, 705676.0, 3254.0, 1.0, 1.0, 0.0, 12264785.0, 10.0, 8796307.0, 704837.0, 3267.0, 1.0, 1.0, 0.0, 12206415.0, 1.0, 8844095.0, 707304.0, 3361.0, 1.0, 1.0]
