iterations 10 | time 20 | threads 500 | depth 1500 | governor powersave
Relative amounts of jobs
[24.47257, 5.16878, 9.73101, 8.7289, 23.81329, 9.25633, 9.41456, 9.41456]
Relative amounts of events
[0.0, 10.12386, 16.84691, 14.25919, 4e-05, 19.30622, 19.73579, 19.728]
Total amounts of jobs
[928.0, 196.0, 369.0, 331.0, 903.0, 351.0, 357.0, 357.0]
Total amounts of events
[0.0, 5295509.0, 8812150.0, 7458585.0, 20.0, 10098546.0, 10323245.0, 10319170.0]
Events to Jobs
jobs = -5.286692803943955e-05 * events + 81.96652875022217
error = 0.6939860846377602
Probes to Jobs
jobs = -3.053749999999999 * probes + 56.561249999999994
error = 0.13758015184821826
All jobs
[94.0, 21.0, 38.0, 34.0, 92.0, 36.0, 35.0, 37.0, 92.0, 19.0, 38.0, 32.0, 91.0, 34.0, 35.0, 36.0, 92.0, 21.0, 38.0, 32.0, 93.0, 35.0, 37.0, 35.0, 93.0, 19.0, 36.0, 32.0, 87.0, 35.0, 36.0, 35.0, 94.0, 19.0, 34.0, 33.0, 90.0, 35.0, 35.0, 36.0, 94.0, 21.0, 37.0, 34.0, 89.0, 35.0, 36.0, 36.0, 92.0, 18.0, 37.0, 34.0, 89.0, 35.0, 37.0, 35.0, 92.0, 19.0, 36.0, 34.0, 90.0, 35.0, 36.0, 35.0, 93.0, 19.0, 38.0, 32.0, 92.0, 35.0, 35.0, 36.0, 92.0, 20.0, 37.0, 34.0, 90.0, 36.0, 35.0, 36.0]
All events
[0.0, 525412.0, 873635.0, 719779.0, 2.0, 1028719.0, 1007634.0, 1020576.0, 0.0, 552714.0, 906953.0, 758249.0, 2.0, 1028315.0, 1027931.0, 1060377.0, 0.0, 508066.0, 901837.0, 737507.0, 2.0, 1014246.0, 1018045.0, 1025538.0, 0.0, 518193.0, 911504.0, 744497.0, 2.0, 999565.0, 1038456.0, 1018831.0, 0.0, 550996.0, 827249.0, 766351.0, 2.0, 1003981.0, 996140.0, 1044473.0, 0.0, 508287.0, 891820.0, 752818.0, 2.0, 986009.0, 1064230.0, 1061263.0, 0.0, 535613.0, 878747.0, 735969.0, 2.0, 1006063.0, 1085617.0, 998598.0, 0.0, 544175.0, 887402.0, 759848.0, 2.0, 989679.0, 1072153.0, 1006860.0, 0.0, 519347.0, 897263.0, 733840.0, 2.0, 1024833.0, 1007824.0, 1071174.0, 0.0, 532706.0, 835740.0, 749727.0, 2.0, 1017136.0, 1005215.0, 1011480.0]
