iterations 10 | time 20 | threads 500 | depth 1500 | governor powersave
Relative amounts of jobs
[14.49305, 13.50489, 11.97118, 11.89913, 11.42563, 12.82553, 11.85795, 12.02265]
Relative amounts of events
[13.03767, 14.75229, 12.20728, 13.05276, 13.65126, 9.98143, 11.1788, 12.13851]
Total amounts of jobs
[1408.0, 1312.0, 1163.0, 1156.0, 1110.0, 1246.0, 1152.0, 1168.0]
Total amounts of events
[95382045.0, 107926031.0, 89306980.0, 95492464.0, 99870975.0, 73022950.0, 81782778.0, 88803878.0]
Events to Jobs
jobs = -4.005099015590898e-06 * events + 252.9016556626623
r^2 = 0.8522554096692038
Probes to Jobs
jobs = -26.82 * probes + 247.94
r^2 = 0.8316471370350029
All jobs
[270.0, 185.0, 200.0, 178.0, 140.0, 267.0, 180.0, 202.0, 173.0, 147.0, 266.0, 194.0, 195.0, 169.0, 141.0, 265.0, 190.0, 202.0, 169.0, 143.0, 267.0, 196.0, 199.0, 171.0, 140.0, 268.0, 190.0, 197.0, 168.0, 146.0, 269.0, 189.0, 195.0, 173.0, 139.0, 271.0, 196.0, 199.0, 172.0, 145.0, 269.0, 190.0, 199.0, 173.0, 144.0, 269.0, 191.0, 196.0, 171.0, 147.0]
All events
[0.0, 8136136.0, 15613716.0, 22352927.0, 26866297.0, 0.0, 8418418.0, 15522529.0, 22354281.0, 26774718.0, 0.0, 8326893.0, 15624909.0, 22432133.0, 26684353.0, 0.0, 8490948.0, 15790915.0, 22370882.0, 26810667.0, 0.0, 8339881.0, 15743058.0, 22418592.0, 26580963.0, 0.0, 8531208.0, 15579352.0, 22619131.0, 26482925.0, 0.0, 8460007.0, 15566366.0, 22311937.0, 26895828.0, 0.0, 8330597.0, 15768011.0, 22426668.0, 26661758.0, 0.0, 8410142.0, 15895346.0, 22422625.0, 26430041.0, 0.0, 8510281.0, 15740992.0, 22389487.0, 26502183.0]
