iterations 10 | time 20 | threads 500 | depth 1500 | governor performance
Relative amounts of jobs
[13.63355, 9.64035, 12.68549, 13.06678, 13.42745, 12.68549, 12.47939, 12.38149]
Relative amounts of events
[0.0, 6.48079, 16.79167, 16.80483, 0.0, 20.15596, 19.96427, 19.80247]
Total amounts of jobs
[2646.0, 1871.0, 2462.0, 2536.0, 2606.0, 2462.0, 2422.0, 2403.0]
Total amounts of events
[0.0, 84057943.0, 217793280.0, 217963900.0, 20.0, 261429145.0, 258942918.0, 256844339.0]
Events to Jobs
jobs = -1.2921459170843293e-07 * events + 244.69494251900164
error = 0.0037802615467618095
Probes to Jobs
jobs = -0.4237499999999996 * probes + 243.87125
error = 0.003492512982845253
All jobs
[267.0, 192.0, 247.0, 247.0, 258.0, 250.0, 245.0, 240.0, 267.0, 183.0, 247.0, 258.0, 261.0, 249.0, 244.0, 239.0, 266.0, 187.0, 250.0, 256.0, 262.0, 249.0, 236.0, 242.0, 264.0, 187.0, 247.0, 254.0, 258.0, 244.0, 242.0, 242.0, 264.0, 182.0, 244.0, 256.0, 262.0, 244.0, 242.0, 239.0, 265.0, 179.0, 245.0, 254.0, 257.0, 245.0, 243.0, 234.0, 265.0, 192.0, 242.0, 256.0, 262.0, 242.0, 246.0, 243.0, 263.0, 193.0, 250.0, 252.0, 267.0, 247.0, 244.0, 238.0, 259.0, 188.0, 244.0, 249.0, 260.0, 248.0, 243.0, 244.0, 266.0, 188.0, 246.0, 254.0, 259.0, 244.0, 237.0, 242.0]
All events
[0.0, 8352854.0, 21910319.0, 21066427.0, 2.0, 26127168.0, 26133900.0, 25788399.0, 0.0, 8144542.0, 21756432.0, 22037829.0, 2.0, 26572961.0, 25989196.0, 25570704.0, 0.0, 8482136.0, 21960263.0, 22113876.0, 2.0, 26545747.0, 24817847.0, 25909030.0, 0.0, 8380221.0, 21919529.0, 21935783.0, 2.0, 26008997.0, 26002425.0, 25642754.0, 0.0, 8503401.0, 21679006.0, 22004143.0, 2.0, 26131552.0, 26046400.0, 25722626.0, 0.0, 8359850.0, 21676550.0, 21884310.0, 2.0, 25861902.0, 25975507.0, 25326483.0, 0.0, 8492540.0, 21564900.0, 22033002.0, 2.0, 25966147.0, 26186838.0, 25709700.0, 0.0, 8399372.0, 21917343.0, 21823311.0, 2.0, 26164501.0, 26131230.0, 25551103.0, 0.0, 8413530.0, 21579779.0, 21119236.0, 2.0, 26107092.0, 25988265.0, 25885108.0, 0.0, 8529497.0, 21829159.0, 21945983.0, 2.0, 25943078.0, 25671310.0, 25738432.0]
