iterations 10 | time 20 | threads 500 | depth 1500 | governor powersave
Relative amounts of jobs
[12.55962, 12.38193, 12.59703, 12.62508, 12.51286, 12.67184, 12.34452, 12.30712]
Relative amounts of events
[0.0, 9.37757, 17.1735, 17.157, 0.0, 18.88262, 18.83269, 18.57663]
Total amounts of jobs
[1343.0, 1324.0, 1347.0, 1350.0, 1338.0, 1355.0, 1320.0, 1316.0]
Total amounts of events
[0.0, 83632461.0, 153159348.0, 153012169.0, 20.0, 168401861.0, 167956548.0, 165672906.0]
Events to Jobs
jobs = -1.4098169872431269e-08 * events + 133.81966557176133
error = 0.0014880716031797636
Probes to Jobs
jobs = -0.285 * probes + 134.51749999999998
error = 0.12644790931867478
All jobs
[134.0, 135.0, 130.0, 138.0, 136.0, 133.0, 133.0, 131.0, 131.0, 135.0, 136.0, 133.0, 133.0, 138.0, 130.0, 130.0, 134.0, 134.0, 134.0, 138.0, 136.0, 136.0, 134.0, 132.0, 136.0, 132.0, 131.0, 136.0, 134.0, 137.0, 133.0, 131.0, 135.0, 129.0, 136.0, 133.0, 134.0, 134.0, 131.0, 132.0, 137.0, 132.0, 137.0, 134.0, 138.0, 134.0, 132.0, 134.0, 134.0, 133.0, 136.0, 135.0, 131.0, 137.0, 127.0, 130.0, 133.0, 131.0, 138.0, 132.0, 130.0, 133.0, 138.0, 129.0, 133.0, 131.0, 136.0, 137.0, 132.0, 138.0, 129.0, 133.0, 136.0, 132.0, 133.0, 134.0, 134.0, 135.0, 133.0, 134.0]
All events
[0.0, 8581819.0, 15159452.0, 15216973.0, 2.0, 16993438.0, 16456674.0, 16633997.0, 0.0, 8567528.0, 15316735.0, 15447386.0, 2.0, 16801614.0, 16742811.0, 16777090.0, 0.0, 8255225.0, 15390880.0, 15465446.0, 2.0, 16778319.0, 16731883.0, 16674273.0, 0.0, 8397956.0, 15447269.0, 15413340.0, 2.0, 16706802.0, 17038522.0, 16532467.0, 0.0, 8116663.0, 15437752.0, 15510274.0, 2.0, 16874579.0, 16862446.0, 16175547.0, 0.0, 8364512.0, 15336230.0, 14970740.0, 2.0, 16852592.0, 16689517.0, 16344050.0, 0.0, 8664950.0, 15248066.0, 15080044.0, 2.0, 16876501.0, 16950292.0, 16882260.0, 0.0, 8293778.0, 15265775.0, 15166949.0, 2.0, 16904709.0, 16800990.0, 16642000.0, 0.0, 8239907.0, 15244596.0, 15367969.0, 2.0, 16986161.0, 16884516.0, 16470911.0, 0.0, 8150123.0, 15312593.0, 15373048.0, 2.0, 16627146.0, 16798897.0, 16540311.0]
