iterations 10 | time 20 | threads 500 | depth 1500 | governor powersave
Relative amounts of jobs
[10.42254, 9.85915, 9.11841, 9.09755, 8.95149, 8.88889, 8.82629, 8.74283, 8.79499, 8.6072, 8.69066]
Relative amounts of events
[0.0, 9.29205, 10.41082, 11.68268, 10.72916, 10.32128, 9.80359, 9.66446, 9.59052, 9.33614, 9.16931]
Total amounts of jobs
[999.0, 945.0, 874.0, 872.0, 858.0, 852.0, 846.0, 838.0, 843.0, 825.0, 833.0]
Total amounts of events
[0.0, 68498793.0, 76746043.0, 86121938.0, 79092792.0, 76085971.0, 72269712.0, 71244077.0, 70699034.0, 68823765.0, 67593960.0]
Events to Jobs
jobs = -1.69424762524397e-06 * events + 98.49053483088997
r^2 = 0.5206785515344652
Probes to Jobs
jobs = -1.3481818181818184 * probes + 93.87727272727273
r^2 = 0.6738740367380083
Probes to Events
events = 258681.68999999992 * probes + 5408192.322727273
r^2 = 0.13677201795204164
All jobs
[100.0, 96.0, 87.0, 86.0, 85.0, 85.0, 85.0, 83.0, 83.0, 83.0, 83.0, 101.0, 93.0, 88.0, 87.0, 88.0, 85.0, 84.0, 84.0, 84.0, 82.0, 84.0, 102.0, 96.0, 88.0, 88.0, 85.0, 86.0, 86.0, 83.0, 86.0, 83.0, 83.0, 100.0, 94.0, 87.0, 87.0, 85.0, 84.0, 83.0, 85.0, 85.0, 83.0, 84.0, 99.0, 95.0, 87.0, 88.0, 88.0, 84.0, 84.0, 83.0, 84.0, 83.0, 83.0, 97.0, 93.0, 86.0, 86.0, 85.0, 87.0, 84.0, 84.0, 85.0, 81.0, 84.0, 100.0, 95.0, 88.0, 89.0, 85.0, 85.0, 86.0, 83.0, 83.0, 82.0, 83.0, 99.0, 92.0, 89.0, 86.0, 87.0, 85.0, 85.0, 83.0, 85.0, 81.0, 83.0, 101.0, 97.0, 88.0, 87.0, 85.0, 86.0, 83.0, 85.0, 85.0, 83.0, 83.0, 100.0, 94.0, 86.0, 88.0, 85.0, 85.0, 86.0, 85.0, 83.0, 84.0, 83.0]
All events
[0.0, 6977564.0, 7739731.0, 9413553.0, 7835488.0, 7575316.0, 7109202.0, 7107655.0, 6987379.0, 6903088.0, 6759291.0, 0.0, 6814186.0, 7838886.0, 7741465.0, 8802208.0, 7517274.0, 7611655.0, 7448888.0, 7000995.0, 6962819.0, 6601895.0, 0.0, 6893471.0, 7631275.0, 8735051.0, 7314467.0, 7706530.0, 7313521.0, 6922687.0, 7069583.0, 6830194.0, 6723800.0, 0.0, 6937691.0, 7717741.0, 9681879.0, 8405625.0, 6960880.0, 7257352.0, 7193869.0, 6886704.0, 6858077.0, 6658053.0, 0.0, 7003287.0, 7467496.0, 8404045.0, 8703744.0, 8087789.0, 6972615.0, 7040026.0, 7044637.0, 6929091.0, 6896769.0, 0.0, 6755573.0, 7371108.0, 7175967.0, 8183699.0, 8171824.0, 7269079.0, 6948002.0, 7286350.0, 6790856.0, 6852998.0, 0.0, 6800921.0, 7704279.0, 8287643.0, 7054132.0, 7255192.0, 7057387.0, 7034916.0, 6985660.0, 7057042.0, 6785449.0, 0.0, 6453581.0, 7414780.0, 7975121.0, 7279775.0, 7552301.0, 7287521.0, 6975724.0, 7289493.0, 6897338.0, 6702317.0, 0.0, 6883262.0, 8417357.0, 8707327.0, 8061265.0, 7660375.0, 7010647.0, 7444143.0, 7206720.0, 6847203.0, 6677962.0, 0.0, 6979257.0, 7443390.0, 9999887.0, 7452389.0, 7598490.0, 7380733.0, 7128167.0, 6941513.0, 6748057.0, 6935426.0]
