iterations 10 | time 20 | threads 500 | depth 1500 | governor powersave
Relative amounts of jobs
[15.09595, 11.81237, 11.72708, 14.96802, 12.02559, 11.72708, 11.47122, 11.17271]
Relative amounts of events
[12.395, 12.87719, 12.93755, 11.84824, 12.87008, 12.87871, 12.14282, 12.05042]
Total amounts of jobs
[354.0, 277.0, 275.0, 351.0, 282.0, 275.0, 269.0, 262.0]
Total amounts of events
[17297851.0, 17970776.0, 18055012.0, 16534819.0, 17960847.0, 17972899.0, 16945932.0, 16816970.0]
Events to Jobs
jobs = -2.8352944162949696e-05 * events + 57.28907389156842
r^2 = 0.5862303577213831
Probes to Jobs
jobs = -4.8190909090909075 * probes + 45.41363636363636
r^2 = 0.42581023059176504
All jobs
[95.0, 23.0, 22.0, 17.0, 17.0, 13.0, 13.0, 12.0, 10.0, 9.0, 8.0, 94.0, 20.0, 23.0, 19.0, 15.0, 12.0, 12.0, 11.0, 9.0, 9.0, 8.0, 94.0, 20.0, 24.0, 19.0, 17.0, 13.0, 13.0, 11.0, 10.0, 8.0, 8.0, 94.0, 20.0, 20.0, 20.0, 15.0, 14.0, 13.0, 12.0, 10.0, 8.0, 9.0, 93.0, 20.0, 23.0, 20.0, 15.0, 14.0, 12.0, 10.0, 11.0, 9.0, 9.0, 93.0, 20.0, 23.0, 18.0, 16.0, 13.0, 12.0, 12.0, 9.0, 9.0, 8.0, 94.0, 20.0, 24.0, 18.0, 16.0, 13.0, 13.0, 10.0, 9.0, 8.0, 9.0, 93.0, 21.0, 23.0, 19.0, 15.0, 13.0, 13.0, 11.0, 10.0, 9.0, 8.0, 94.0, 18.0, 24.0, 19.0, 14.0, 14.0, 13.0, 12.0, 10.0, 9.0, 9.0, 93.0, 20.0, 22.0, 16.0, 16.0, 13.0, 13.0, 10.0, 10.0, 8.0, 7.0]
All events
[0.0, 497815.0, 710048.0, 926781.0, 1262443.0, 1366049.0, 1597982.0, 1863506.0, 1855442.0, 2060598.0, 2014636.0, 0.0, 537630.0, 713468.0, 981699.0, 1187910.0, 1318476.0, 1554980.0, 1723507.0, 1675133.0, 1915790.0, 2066910.0, 0.0, 542409.0, 716059.0, 969381.0, 1268417.0, 1344643.0, 1641396.0, 1755794.0, 1898318.0, 1720820.0, 2074433.0, 0.0, 529493.0, 712410.0, 992225.0, 1191277.0, 1378263.0, 1652097.0, 1859525.0, 1859576.0, 1713222.0, 2240119.0, 0.0, 544720.0, 706109.0, 981320.0, 1147135.0, 1393946.0, 1535028.0, 1631784.0, 2062628.0, 1976101.0, 2338264.0, 0.0, 537928.0, 697750.0, 959634.0, 1216938.0, 1399721.0, 1518426.0, 1833538.0, 1752454.0, 1993095.0, 2078159.0, 0.0, 536049.0, 736582.0, 998868.0, 1207177.0, 1361715.0, 1648269.0, 1588779.0, 1691711.0, 1767367.0, 2258187.0, 0.0, 526359.0, 720181.0, 980352.0, 1171128.0, 1388193.0, 1594295.0, 1703187.0, 1843323.0, 1991165.0, 2006021.0, 0.0, 543558.0, 709483.0, 982012.0, 1124597.0, 1470192.0, 1575968.0, 1851050.0, 1829929.0, 1922753.0, 2246657.0, 0.0, 547822.0, 705776.0, 911090.0, 1177487.0, 1337208.0, 1632353.0, 1564983.0, 1907288.0, 1778639.0, 1821995.0]
