iterations 10 | time 20 | threads 500 | depth 1500 | governor powersave
Relative amounts of jobs
[14.58488, 13.36859, 12.02538, 11.88789, 11.46483, 12.57536, 12.01481, 12.07827]
Relative amounts of events
[13.13408, 14.79395, 12.16344, 12.98997, 13.63292, 10.00479, 11.14353, 12.13734]
Total amounts of jobs
[1379.0, 1264.0, 1137.0, 1124.0, 1084.0, 1189.0, 1136.0, 1142.0]
Total amounts of events
[96201381.0, 108359270.0, 89091872.0, 95145839.0, 99855183.0, 73280711.0, 81621491.0, 88900713.0]
Events to Jobs
jobs = -3.6224944862913486e-06 * events + 242.1663897559696
r^2 = 0.8703172896997198
Probes to Jobs
jobs = -24.270000000000003 * probes + 237.64
r^2 = 0.8513204847486289
All jobs
[260.0, 191.0, 193.0, 170.0, 144.0, 251.0, 188.0, 198.0, 177.0, 141.0, 256.0, 191.0, 190.0, 171.0, 142.0, 258.0, 190.0, 190.0, 171.0, 147.0, 253.0, 180.0, 189.0, 168.0, 141.0, 249.0, 185.0, 200.0, 168.0, 142.0, 257.0, 188.0, 186.0, 165.0, 140.0, 254.0, 187.0, 194.0, 166.0, 144.0, 256.0, 184.0, 192.0, 162.0, 142.0, 251.0, 194.0, 186.0, 169.0, 144.0]
All events
[0.0, 8465977.0, 15944296.0, 22229649.0, 26815618.0, 0.0, 8504055.0, 15694974.0, 22340368.0, 26617159.0, 0.0, 8205485.0, 15694642.0, 22433006.0, 26472605.0, 0.0, 8324241.0, 15911424.0, 22462895.0, 26516032.0, 0.0, 8412341.0, 15964269.0, 22092576.0, 27002502.0, 0.0, 8451340.0, 15751407.0, 22327699.0, 26792670.0, 0.0, 8570806.0, 15911761.0, 22263157.0, 26592001.0, 0.0, 8478468.0, 15642694.0, 22300086.0, 26604293.0, 0.0, 8304585.0, 15641340.0, 22443266.0, 26538756.0, 0.0, 8380476.0, 15938064.0, 22622509.0, 26796968.0]
