iterations 10 | time 20 | threads 500 | depth 1500 | governor powersave
Relative amounts of jobs
[14.34247, 10.63057, 10.94273, 9.48976, 8.08786, 7.74732, 7.54299, 8.19002, 7.77002, 7.6338, 7.62245]
Relative amounts of events
[0.0, 3.49092, 6.61502, 9.32007, 11.07933, 11.95699, 11.63074, 11.46539, 11.47932, 11.46038, 11.50184]
Total amounts of jobs
[2527.0, 1873.0, 1928.0, 1672.0, 1425.0, 1365.0, 1329.0, 1443.0, 1369.0, 1345.0, 1343.0]
Total amounts of events
[0.0, 83824383.0, 158840605.0, 223794737.0, 266038151.0, 287112656.0, 279278858.0, 275308297.0, 275642791.0, 275188089.0, 276183682.0]
Events to Jobs
jobs = -3.7643065969876225e-06 * events + 242.34453736071077
r^2 = 0.9278170787439093
Probes to Jobs
jobs = -9.329999999999998 * probes + 206.82272727272726
r^2 = 0.6728265241768158
Probes to Events
events = 2375497.835454545 * probes + 9951713.086363636
r^2 = 0.6661264974952237
All jobs
[251.0, 192.0, 198.0, 165.0, 144.0, 135.0, 134.0, 142.0, 139.0, 137.0, 137.0, 252.0, 188.0, 193.0, 169.0, 144.0, 137.0, 134.0, 146.0, 139.0, 139.0, 133.0, 255.0, 185.0, 191.0, 174.0, 139.0, 135.0, 132.0, 146.0, 138.0, 130.0, 135.0, 251.0, 190.0, 192.0, 167.0, 144.0, 138.0, 133.0, 142.0, 134.0, 137.0, 135.0, 254.0, 188.0, 193.0, 171.0, 144.0, 138.0, 132.0, 144.0, 138.0, 133.0, 133.0, 253.0, 183.0, 191.0, 165.0, 144.0, 136.0, 132.0, 148.0, 135.0, 129.0, 129.0, 248.0, 193.0, 188.0, 164.0, 143.0, 138.0, 134.0, 142.0, 135.0, 139.0, 135.0, 251.0, 185.0, 194.0, 161.0, 142.0, 133.0, 135.0, 143.0, 134.0, 133.0, 134.0, 258.0, 184.0, 194.0, 162.0, 136.0, 139.0, 132.0, 144.0, 136.0, 135.0, 133.0, 254.0, 185.0, 194.0, 174.0, 145.0, 136.0, 131.0, 146.0, 141.0, 133.0, 139.0]
All events
[0.0, 8355564.0, 15865558.0, 22453528.0, 26412644.0, 28528847.0, 27984029.0, 27696649.0, 27520823.0, 27460167.0, 27578038.0, 0.0, 8367446.0, 15859090.0, 22611105.0, 26605462.0, 28868666.0, 27986587.0, 27715331.0, 27607246.0, 27768736.0, 27567322.0, 0.0, 8340685.0, 15963807.0, 22253114.0, 26590245.0, 28683022.0, 27601867.0, 27613991.0, 27844634.0, 27421972.0, 27831188.0, 0.0, 8507309.0, 15642179.0, 22439885.0, 26700754.0, 28837197.0, 27913297.0, 27571608.0, 27577571.0, 27685365.0, 27507723.0, 0.0, 8353244.0, 15806996.0, 22176087.0, 26606915.0, 28629294.0, 28072326.0, 27424104.0, 27341131.0, 27486356.0, 27486771.0, 0.0, 8207557.0, 16061383.0, 22300011.0, 26663161.0, 28513081.0, 28106374.0, 27395490.0, 27317575.0, 27552038.0, 27629208.0, 0.0, 8531290.0, 15921767.0, 22357284.0, 26504085.0, 28629660.0, 27927975.0, 27671752.0, 27491413.0, 27421963.0, 27567144.0, 0.0, 8333480.0, 15845831.0, 22327152.0, 26754076.0, 28659829.0, 28183034.0, 27758368.0, 27167654.0, 27417895.0, 27600177.0, 0.0, 8416503.0, 15868018.0, 22587316.0, 26611635.0, 29114007.0, 27873608.0, 27248878.0, 28018536.0, 27309196.0, 27713018.0, 0.0, 8411305.0, 16005976.0, 22289255.0, 26589174.0, 28649053.0, 27629761.0, 27212126.0, 27756208.0, 27664401.0, 27703093.0]
