iterations 10 | time 20 | threads 500 | depth 1500 | governor powersave
Relative amounts of jobs
[12.69486, 12.32148, 12.60151, 12.48016, 12.5175, 12.53617, 12.44283, 12.40549]
Relative amounts of events
[0.0, 9.33928, 17.22383, 17.15545, 0.0, 18.99323, 18.75037, 18.53784]
Total amounts of jobs
[1360.0, 1320.0, 1350.0, 1337.0, 1341.0, 1343.0, 1333.0, 1329.0]
Total amounts of events
[0.0, 83334234.0, 153687901.0, 153077779.0, 20.0, 169476229.0, 167309161.0, 165412812.0]
Events to Jobs
jobs = -5.884317288073412e-08 * events + 134.56882066847254
error = 0.029385920992890613
Probes to Jobs
jobs = -0.15499999999999994 * probes + 134.3775
error = 0.042298698797832324
All jobs
[133.0, 132.0, 134.0, 133.0, 132.0, 136.0, 130.0, 135.0, 139.0, 132.0, 139.0, 136.0, 136.0, 132.0, 135.0, 132.0, 138.0, 132.0, 135.0, 132.0, 132.0, 133.0, 133.0, 129.0, 137.0, 134.0, 136.0, 135.0, 132.0, 133.0, 135.0, 131.0, 135.0, 134.0, 136.0, 139.0, 134.0, 137.0, 133.0, 134.0, 137.0, 131.0, 134.0, 130.0, 138.0, 138.0, 133.0, 135.0, 133.0, 133.0, 136.0, 135.0, 135.0, 132.0, 132.0, 134.0, 136.0, 130.0, 134.0, 135.0, 134.0, 134.0, 132.0, 133.0, 137.0, 130.0, 134.0, 128.0, 133.0, 135.0, 131.0, 131.0, 135.0, 132.0, 132.0, 134.0, 135.0, 133.0, 139.0, 135.0]
All events
[0.0, 8183703.0, 15457977.0, 15208945.0, 2.0, 17150480.0, 16621056.0, 16643788.0, 0.0, 8576904.0, 15575078.0, 15446364.0, 2.0, 16970169.0, 16760771.0, 16529470.0, 0.0, 8237928.0, 15332156.0, 15202586.0, 2.0, 16732938.0, 16787290.0, 16577695.0, 0.0, 8375683.0, 15163166.0, 15201519.0, 2.0, 17359414.0, 16829780.0, 16586699.0, 0.0, 8603381.0, 15322723.0, 15524937.0, 2.0, 16605479.0, 16648943.0, 16595701.0, 0.0, 8279143.0, 15292779.0, 15124024.0, 2.0, 16921415.0, 16776024.0, 16304859.0, 0.0, 8381162.0, 15370700.0, 15461676.0, 2.0, 17005343.0, 17023784.0, 16296136.0, 0.0, 8284835.0, 15435236.0, 15088806.0, 2.0, 16770152.0, 16685134.0, 16512370.0, 0.0, 8213895.0, 15560068.0, 15520259.0, 2.0, 17107737.0, 16503227.0, 16608118.0, 0.0, 8197600.0, 15178018.0, 15298663.0, 2.0, 16853102.0, 16673152.0, 16757976.0]
