iterations 10 | time 20 | threads 500 | depth 1500 | governor powersave
Relative amounts of jobs
[13.54371, 9.67408, 12.73668, 13.0419, 13.39369, 12.71081, 12.44697, 12.45215]
Relative amounts of events
[0.0, 6.4889, 16.75885, 16.81634, 0.0, 20.19354, 19.91696, 19.82541]
Total amounts of jobs
[2618.0, 1870.0, 2462.0, 2521.0, 2589.0, 2457.0, 2406.0, 2407.0]
Total amounts of events
[0.0, 84084580.0, 217164701.0, 217909674.0, 20.0, 261672117.0, 258088137.0, 256901826.0]
Events to Jobs
jobs = -7.904165889789495e-08 * events + 242.90529807277525
error = 0.0014899210356879022
Probes to Jobs
jobs = -0.26125000000000065 * probes + 242.40875
error = 0.0014012986096405555
All jobs
[266.0, 180.0, 244.0, 255.0, 259.0, 246.0, 241.0, 244.0, 263.0, 185.0, 251.0, 250.0, 261.0, 244.0, 235.0, 235.0, 263.0, 191.0, 247.0, 254.0, 260.0, 243.0, 243.0, 241.0, 262.0, 185.0, 247.0, 253.0, 263.0, 251.0, 238.0, 242.0, 258.0, 188.0, 243.0, 252.0, 257.0, 247.0, 239.0, 239.0, 264.0, 184.0, 247.0, 253.0, 260.0, 245.0, 246.0, 243.0, 260.0, 193.0, 246.0, 249.0, 258.0, 247.0, 239.0, 241.0, 261.0, 192.0, 243.0, 253.0, 259.0, 245.0, 242.0, 243.0, 259.0, 187.0, 246.0, 253.0, 260.0, 242.0, 243.0, 241.0, 262.0, 185.0, 248.0, 249.0, 252.0, 247.0, 240.0, 238.0]
All events
[0.0, 8365890.0, 21204676.0, 21949770.0, 2.0, 26190886.0, 25837469.0, 25906308.0, 0.0, 8485799.0, 22164835.0, 21747406.0, 2.0, 26105666.0, 25467162.0, 25551834.0, 0.0, 8436349.0, 21902423.0, 21683154.0, 2.0, 26043077.0, 26010960.0, 25760543.0, 0.0, 8295818.0, 21710899.0, 21704162.0, 2.0, 26242657.0, 25616135.0, 25777980.0, 0.0, 8520914.0, 21571753.0, 21829393.0, 2.0, 26086693.0, 25803321.0, 25660007.0, 0.0, 8419983.0, 21811385.0, 21921108.0, 2.0, 26202833.0, 26086790.0, 25687127.0, 0.0, 8284423.0, 21702568.0, 21629746.0, 2.0, 26320110.0, 25129510.0, 25514085.0, 0.0, 8524639.0, 21565375.0, 21937073.0, 2.0, 26175149.0, 26121557.0, 25865264.0, 0.0, 8366437.0, 21621711.0, 21922578.0, 2.0, 25975210.0, 26207033.0, 25701587.0, 0.0, 8384328.0, 21909076.0, 21585284.0, 2.0, 26329836.0, 25808200.0, 25477091.0]
