iterations 10 | time 20 | threads 500 | depth 1500 | governor X
Relative amounts of jobs
[12.92, 12.67034, 12.69115, 12.84719, 12.68074, 12.67034, 11.81733, 11.7029]
Relative amounts of events
[12.17485, 13.00445, 12.64938, 12.20561, 12.81848, 12.96071, 12.05372, 12.1328]
Total amounts of jobs
[1242.0, 1218.0, 1220.0, 1235.0, 1219.0, 1218.0, 1136.0, 1125.0]
Total amounts of events
[89237098.0, 95317777.0, 92715211.0, 89462560.0, 93954687.0, 94997156.0, 88349265.0, 88928900.0]
Events to Jobs
jobs = -1.8742540970509008e-06 * events + 99.87962052040729
r^2 = 0.5768166599536464
Probes to Jobs
jobs = -1.3072727272727274 * probes + 93.92727272727272
r^2 = 0.5911148844694857
All jobs
[101.0, 94.0, 88.0, 86.0, 85.0, 85.0, 86.0, 86.0, 85.0, 81.0, 85.0, 101.0, 96.0, 86.0, 88.0, 86.0, 85.0, 86.0, 85.0, 84.0, 87.0, 85.0, 102.0, 96.0, 89.0, 86.0, 84.0, 87.0, 83.0, 84.0, 85.0, 84.0, 85.0, 106.0, 96.0, 88.0, 87.0, 88.0, 83.0, 83.0, 84.0, 85.0, 83.0, 84.0, 100.0, 95.0, 87.0, 86.0, 87.0, 84.0, 84.0, 85.0, 84.0, 84.0, 85.0, 98.0, 96.0, 86.0, 86.0, 87.0, 85.0, 85.0, 85.0, 84.0, 84.0, 82.0, 103.0, 97.0, 85.0, 86.0, 88.0, 83.0, 87.0, 83.0, 84.0, 83.0, 82.0, 100.0, 90.0, 86.0, 88.0, 84.0, 86.0, 83.0, 84.0, 86.0, 83.0, 83.0, 99.0, 94.0, 87.0, 88.0, 86.0, 85.0, 88.0, 84.0, 84.0, 83.0, 83.0, 99.0, 92.0, 87.0, 86.0, 86.0, 88.0, 84.0, 86.0, 83.0, 83.0, 82.0]
All events
[0.0, 6825794.0, 7610347.0, 7658916.0, 7512385.0, 7100367.0, 7202682.0, 7125618.0, 7220257.0, 6733615.0, 6829049.0, 0.0, 6932391.0, 7507815.0, 8821793.0, 7597680.0, 7818708.0, 7528793.0, 6959936.0, 7001145.0, 7076838.0, 6756150.0, 0.0, 7107760.0, 7574183.0, 8049777.0, 7082799.0, 8211288.0, 7089005.0, 7385839.0, 7048740.0, 6778410.0, 6876756.0, 0.0, 6950159.0, 8218682.0, 8289192.0, 8885528.0, 7372485.0, 7612688.0, 7116473.0, 7269686.0, 6629694.0, 6752024.0, 0.0, 6780924.0, 7450009.0, 9631263.0, 7428832.0, 8335963.0, 7131475.0, 7163525.0, 7021456.0, 6880455.0, 6846977.0, 0.0, 6867258.0, 8145991.0, 7487213.0, 8777291.0, 7106875.0, 7673982.0, 7269930.0, 6873866.0, 6854518.0, 6783850.0, 0.0, 6707050.0, 7838946.0, 7683867.0, 8709966.0, 7788859.0, 7714988.0, 6950547.0, 7027608.0, 6789760.0, 6704743.0, 0.0, 6426857.0, 7468434.0, 8989248.0, 7425109.0, 7406932.0, 7364680.0, 6949522.0, 7167394.0, 6882351.0, 6737711.0, 0.0, 6948048.0, 7265099.0, 7925084.0, 7651341.0, 7163263.0, 7298331.0, 7010295.0, 7206008.0, 6799658.0, 6902247.0, 0.0, 6830004.0, 7325644.0, 7019144.0, 7196316.0, 7569869.0, 7520946.0, 7432653.0, 6893115.0, 6951989.0, 6685928.0]
