iterations 10 | time 20 | threads 500 | depth 1500 | governor powersave
Relative amounts of jobs
[10.46282, 9.8908, 9.06916, 8.96516, 9.02756, 8.88196, 8.87155, 8.76755, 8.75715, 8.65315, 8.65315]
Relative amounts of events
[0.0, 9.36724, 10.44886, 11.12874, 10.90133, 10.38896, 9.89528, 9.74034, 9.52267, 9.41041, 9.19617]
Total amounts of jobs
[1006.0, 951.0, 872.0, 862.0, 868.0, 854.0, 853.0, 843.0, 842.0, 832.0, 832.0]
Total amounts of events
[0.0, 68741030.0, 76678468.0, 81667688.0, 79998874.0, 76238857.0, 72616002.0, 71479029.0, 69881625.0, 69057831.0, 67485605.0]
Events to Jobs
jobs = -1.8240057931296492e-06 * events + 99.57761406977527
r^2 = 0.5394462591461726
Probes to Jobs
jobs = -1.3536363636363635 * probes + 94.17727272727272
r^2 = 0.6250605432683497
Probes to Events
events = 264131.37272727274 * probes + 5350661.4
r^2 = 0.14677844341602997
All jobs
[101.0, 99.0, 86.0, 85.0, 87.0, 83.0, 87.0, 84.0, 86.0, 83.0, 82.0, 103.0, 97.0, 88.0, 87.0, 86.0, 86.0, 85.0, 85.0, 84.0, 83.0, 83.0, 103.0, 93.0, 86.0, 84.0, 88.0, 87.0, 85.0, 80.0, 83.0, 84.0, 85.0, 100.0, 95.0, 87.0, 88.0, 88.0, 86.0, 85.0, 88.0, 86.0, 83.0, 82.0, 101.0, 97.0, 86.0, 88.0, 86.0, 86.0, 86.0, 85.0, 84.0, 84.0, 85.0, 99.0, 94.0, 88.0, 86.0, 87.0, 84.0, 85.0, 84.0, 86.0, 84.0, 81.0, 100.0, 95.0, 87.0, 86.0, 89.0, 85.0, 86.0, 85.0, 84.0, 83.0, 83.0, 104.0, 92.0, 89.0, 86.0, 88.0, 85.0, 86.0, 83.0, 84.0, 83.0, 83.0, 98.0, 96.0, 88.0, 86.0, 85.0, 86.0, 85.0, 85.0, 84.0, 82.0, 83.0, 97.0, 93.0, 87.0, 86.0, 84.0, 86.0, 83.0, 84.0, 81.0, 83.0, 85.0]
All events
[0.0, 7119126.0, 7685214.0, 7855856.0, 8520963.0, 7381867.0, 7561000.0, 7103481.0, 7024246.0, 6872282.0, 6662816.0, 0.0, 7116745.0, 7367488.0, 8419225.0, 6907113.0, 7115281.0, 7013527.0, 7158924.0, 7252924.0, 6702707.0, 6832203.0, 0.0, 6561174.0, 7394955.0, 9033743.0, 7770634.0, 8209390.0, 7400947.0, 6801555.0, 6966258.0, 7125792.0, 6850658.0, 0.0, 6808123.0, 7568405.0, 7953445.0, 7771846.0, 7211301.0, 7299555.0, 7329503.0, 7005299.0, 7063175.0, 6738615.0, 0.0, 6952535.0, 7899196.0, 9183203.0, 7647752.0, 8304372.0, 7093457.0, 7099277.0, 6951918.0, 6851785.0, 6678630.0, 0.0, 6739234.0, 7256353.0, 7727092.0, 7320905.0, 7680774.0, 7537699.0, 7191155.0, 7111125.0, 6788563.0, 6549679.0, 0.0, 6915019.0, 8511721.0, 8256502.0, 8325888.0, 7310935.0, 7034573.0, 7464604.0, 7177860.0, 6897051.0, 6854840.0, 0.0, 6739155.0, 7683160.0, 7981632.0, 8826080.0, 7659689.0, 7458254.0, 6983087.0, 6695755.0, 6980011.0, 6772109.0, 0.0, 6868999.0, 7703208.0, 8106299.0, 8236477.0, 7398978.0, 6995485.0, 7280708.0, 6935182.0, 7090788.0, 6751406.0, 0.0, 6920920.0, 7608768.0, 7150691.0, 8671216.0, 7966270.0, 7221505.0, 7066735.0, 6761058.0, 6685677.0, 6794649.0]
