iterations 10 | time 20 | threads 500 | depth 1500 | governor powersave
Relative amounts of jobs
[39.73707, 8.43936, 9.79644, 7.93045, 6.78541, 5.81001, 5.3011, 4.74979, 4.15606, 3.90161, 3.39271]
Relative amounts of events
[0.0, 3.74031, 5.12952, 7.00806, 8.58481, 10.06484, 11.30591, 12.47267, 12.98149, 14.37643, 14.33596]
Total amounts of jobs
[937.0, 199.0, 231.0, 187.0, 160.0, 137.0, 125.0, 112.0, 98.0, 92.0, 80.0]
Total amounts of events
[0.0, 5282679.0, 7244747.0, 9897944.0, 12124889.0, 14215228.0, 15968066.0, 17615956.0, 18334597.0, 20304769.0, 20247605.0]
Events to Jobs
jobs = -2.8047088615445447e-05 * events + 57.4479279117599
r^2 = 0.5863960862315265
Probes to Jobs
jobs = -4.8154545454545445 * probes + 45.51363636363636
r^2 = 0.42639607277218916
Probes to Events
events = 194431.9418181818 * probes + 311808.290909091
r^2 = 0.9325204356584317
All jobs
[93.0, 20.0, 25.0, 19.0, 15.0, 14.0, 12.0, 13.0, 9.0, 10.0, 8.0, 94.0, 19.0, 21.0, 18.0, 16.0, 13.0, 12.0, 11.0, 10.0, 8.0, 8.0, 94.0, 21.0, 24.0, 20.0, 16.0, 14.0, 12.0, 11.0, 10.0, 9.0, 8.0, 94.0, 20.0, 24.0, 19.0, 16.0, 14.0, 13.0, 11.0, 9.0, 10.0, 8.0, 94.0, 20.0, 22.0, 20.0, 15.0, 14.0, 12.0, 11.0, 10.0, 9.0, 7.0, 94.0, 20.0, 24.0, 17.0, 17.0, 14.0, 12.0, 11.0, 9.0, 9.0, 9.0, 92.0, 20.0, 24.0, 19.0, 14.0, 12.0, 13.0, 12.0, 10.0, 9.0, 7.0, 94.0, 20.0, 24.0, 19.0, 19.0, 15.0, 13.0, 11.0, 10.0, 9.0, 8.0, 94.0, 20.0, 21.0, 18.0, 16.0, 13.0, 14.0, 10.0, 11.0, 9.0, 8.0, 94.0, 19.0, 22.0, 18.0, 16.0, 14.0, 12.0, 11.0, 10.0, 10.0, 9.0]
All events
[0.0, 523426.0, 758106.0, 999055.0, 1149583.0, 1443560.0, 1551789.0, 2022606.0, 1679383.0, 2225878.0, 1971888.0, 0.0, 547768.0, 696893.0, 930851.0, 1252343.0, 1319018.0, 1497059.0, 1797802.0, 1819929.0, 1765446.0, 2065836.0, 0.0, 546129.0, 738544.0, 1021443.0, 1221706.0, 1537611.0, 1560079.0, 1728386.0, 1935121.0, 1941565.0, 2071384.0, 0.0, 523397.0, 726735.0, 1000778.0, 1198058.0, 1442690.0, 1593634.0, 1744154.0, 1699500.0, 2195410.0, 2067551.0, 0.0, 538795.0, 704169.0, 1018436.0, 1152440.0, 1473054.0, 1549405.0, 1734104.0, 1895968.0, 1922797.0, 1757159.0, 0.0, 526146.0, 718099.0, 950019.0, 1246871.0, 1478218.0, 1552143.0, 1724924.0, 1718454.0, 2044097.0, 2159962.0, 0.0, 536630.0, 741620.0, 1018733.0, 1155727.0, 1257459.0, 1670367.0, 1858031.0, 1820016.0, 1975201.0, 1820586.0, 0.0, 503222.0, 747000.0, 976164.0, 1324666.0, 1467097.0, 1710830.0, 1709129.0, 1857037.0, 2020960.0, 2046168.0, 0.0, 508183.0, 679503.0, 998224.0, 1219986.0, 1360960.0, 1731778.0, 1560462.0, 2097919.0, 2021031.0, 2004609.0, 0.0, 528983.0, 734078.0, 984241.0, 1203509.0, 1435561.0, 1550982.0, 1736358.0, 1811270.0, 2192384.0, 2282462.0]
