iterations 10 | time 20 | threads 500 | depth 1500 | governor performance
Relative amounts of jobs
[14.51902, 13.40217, 12.15889, 11.73744, 11.48456, 12.76999, 11.93763, 11.99031]
Relative amounts of events
[13.05457, 14.77234, 12.21984, 13.02327, 13.65078, 10.03968, 11.11542, 12.1241]
Total amounts of jobs
[1378.0, 1272.0, 1154.0, 1114.0, 1090.0, 1212.0, 1133.0, 1138.0]
Total amounts of events
[95669133.0, 108257642.0, 89551867.0, 95439708.0, 100038398.0, 73574765.0, 81458206.0, 88850227.0]
Events to Jobs
jobs = -3.7665297627389855e-06 * events + 245.0252693586606
r^2 = 0.8837500934027797
Probes to Jobs
jobs = -25.24 * probes + 240.29999999999998
r^2 = 0.8647991770353999
All jobs
[260.0, 183.0, 194.0, 164.0, 139.0, 258.0, 195.0, 190.0, 170.0, 140.0, 258.0, 188.0, 192.0, 168.0, 139.0, 252.0, 187.0, 193.0, 171.0, 143.0, 259.0, 194.0, 191.0, 171.0, 142.0, 256.0, 191.0, 190.0, 161.0, 147.0, 259.0, 189.0, 194.0, 168.0, 143.0, 258.0, 193.0, 189.0, 162.0, 140.0, 256.0, 190.0, 197.0, 171.0, 146.0, 256.0, 187.0, 196.0, 169.0, 142.0]
All events
[0.0, 8293701.0, 16117307.0, 22285503.0, 26906492.0, 0.0, 8294332.0, 15788709.0, 22312739.0, 26750790.0, 0.0, 8625635.0, 15538384.0, 22562844.0, 26317787.0, 0.0, 8378300.0, 15652693.0, 22513023.0, 26449161.0, 0.0, 8425839.0, 15922358.0, 22283123.0, 26654889.0, 0.0, 8455077.0, 15635942.0, 22524176.0, 26703343.0, 0.0, 8416622.0, 15876801.0, 22283631.0, 26627868.0, 0.0, 8538744.0, 15882739.0, 22566704.0, 26502633.0, 0.0, 8390555.0, 15838592.0, 22443467.0, 26530602.0, 0.0, 8357025.0, 15859140.0, 22446404.0, 26886272.0]
