iterations 10 | time 20 | threads 500 | depth 1500 | governor powersave
Relative amounts of jobs
[14.97872, 11.70213, 11.70213, 15.14894, 11.87234, 11.91489, 11.44681, 11.23404]
Relative amounts of events
[12.34103, 12.48355, 13.11853, 11.88915, 12.79981, 12.8813, 12.06458, 12.42206]
Total amounts of jobs
[352.0, 275.0, 275.0, 356.0, 279.0, 280.0, 269.0, 264.0]
Total amounts of events
[17245044.0, 17444194.0, 18331500.0, 16613604.0, 17886131.0, 18000003.0, 16858740.0, 17358281.0]
Events to Jobs
jobs = -2.8699292412381012e-05 * events + 57.82152079433831
r^2 = 0.5975811024116381
Probes to Jobs
jobs = -4.8090909090909095 * probes + 45.40909090909091
r^2 = 0.43040410223598935
All jobs
[93.0, 20.0, 23.0, 19.0, 15.0, 15.0, 13.0, 12.0, 10.0, 8.0, 9.0, 93.0, 19.0, 24.0, 19.0, 15.0, 13.0, 13.0, 11.0, 10.0, 8.0, 8.0, 94.0, 20.0, 23.0, 19.0, 16.0, 15.0, 14.0, 11.0, 11.0, 9.0, 8.0, 93.0, 19.0, 24.0, 21.0, 17.0, 14.0, 12.0, 11.0, 9.0, 9.0, 8.0, 94.0, 20.0, 22.0, 19.0, 16.0, 14.0, 12.0, 11.0, 10.0, 9.0, 8.0, 93.0, 20.0, 25.0, 17.0, 16.0, 13.0, 12.0, 11.0, 10.0, 8.0, 8.0, 93.0, 20.0, 24.0, 17.0, 15.0, 13.0, 13.0, 11.0, 9.0, 9.0, 9.0, 93.0, 21.0, 24.0, 21.0, 15.0, 14.0, 12.0, 11.0, 10.0, 9.0, 9.0, 93.0, 20.0, 25.0, 19.0, 15.0, 15.0, 13.0, 11.0, 11.0, 8.0, 8.0, 92.0, 17.0, 22.0, 19.0, 17.0, 12.0, 12.0, 10.0, 8.0, 9.0, 7.0]
All events
[0.0, 529862.0, 745286.0, 984625.0, 1166021.0, 1527678.0, 1696543.0, 1922364.0, 1871023.0, 1779771.0, 2224271.0, 0.0, 511990.0, 721690.0, 984717.0, 1142775.0, 1399551.0, 1640974.0, 1706544.0, 1829554.0, 1743915.0, 2005154.0, 0.0, 528017.0, 726876.0, 1001472.0, 1212682.0, 1392556.0, 1715835.0, 1724848.0, 2029950.0, 1984935.0, 1986574.0, 0.0, 547122.0, 741243.0, 1014017.0, 1208022.0, 1477533.0, 1547945.0, 1778233.0, 1649202.0, 1922822.0, 2068725.0, 0.0, 542009.0, 698742.0, 985516.0, 1185960.0, 1488135.0, 1504492.0, 1759231.0, 2012563.0, 1953728.0, 1945642.0, 0.0, 536035.0, 729480.0, 921346.0, 1239173.0, 1355238.0, 1540582.0, 1724742.0, 1904987.0, 1772924.0, 1955986.0, 0.0, 517427.0, 755900.0, 939000.0, 1181442.0, 1357095.0, 1654164.0, 1735373.0, 1761597.0, 1939367.0, 2333537.0, 0.0, 511488.0, 736498.0, 1029551.0, 1147492.0, 1414997.0, 1551812.0, 1613424.0, 1848763.0, 1988585.0, 2269319.0, 0.0, 517260.0, 739891.0, 974753.0, 1179251.0, 1528714.0, 1616400.0, 1751771.0, 2028804.0, 1730980.0, 2009812.0, 0.0, 549026.0, 722447.0, 1002956.0, 1227059.0, 1275349.0, 1538207.0, 1620638.0, 1615138.0, 1935414.0, 1737368.0]
