iterations 10 | time 20 | threads 500 | depth 1500 | governor powersave
Relative amounts of jobs
[13.85953, 9.6678, 12.65106, 12.75219, 13.73818, 12.646, 12.38307, 12.30217]
Relative amounts of events
[0.0, 6.44641, 16.82724, 16.68664, 0.0, 20.13741, 20.11152, 19.79078]
Total amounts of jobs
[2741.0, 1912.0, 2502.0, 2522.0, 2717.0, 2501.0, 2449.0, 2433.0]
Total amounts of events
[0.0, 83606964.0, 218241461.0, 216417883.0, 20.0, 261172875.0, 260836976.0, 256677172.0]
Events to Jobs
jobs = -4.05760083697847e-07 * events + 253.79064875317454
error = 0.03372875046389012
Probes to Jobs
jobs = -0.8112499999999987 * probes + 249.64625
error = 0.011553329378000465
All jobs
[278.0, 192.0, 250.0, 252.0, 271.0, 250.0, 244.0, 245.0, 275.0, 193.0, 253.0, 249.0, 271.0, 247.0, 246.0, 241.0, 274.0, 194.0, 249.0, 249.0, 273.0, 251.0, 245.0, 246.0, 272.0, 186.0, 250.0, 253.0, 272.0, 255.0, 244.0, 240.0, 273.0, 193.0, 249.0, 255.0, 273.0, 248.0, 245.0, 243.0, 275.0, 198.0, 251.0, 253.0, 272.0, 250.0, 248.0, 243.0, 274.0, 192.0, 252.0, 253.0, 272.0, 248.0, 241.0, 244.0, 274.0, 189.0, 252.0, 254.0, 273.0, 253.0, 245.0, 242.0, 273.0, 187.0, 247.0, 253.0, 269.0, 249.0, 244.0, 245.0, 273.0, 188.0, 249.0, 251.0, 271.0, 250.0, 247.0, 244.0]
All events
[0.0, 8152430.0, 21527135.0, 21414956.0, 2.0, 25876624.0, 25886458.0, 26035093.0, 0.0, 8281023.0, 21885601.0, 21434145.0, 2.0, 25170960.0, 26299135.0, 25609233.0, 0.0, 8556743.0, 21912006.0, 21395108.0, 2.0, 26154342.0, 25966832.0, 25880714.0, 0.0, 8235923.0, 22147078.0, 21897266.0, 2.0, 26356034.0, 26074507.0, 25165900.0, 0.0, 8405581.0, 21704419.0, 21976444.0, 2.0, 25913241.0, 26223307.0, 25873251.0, 0.0, 8521477.0, 21892352.0, 21431322.0, 2.0, 26314421.0, 26374784.0, 25817263.0, 0.0, 8483014.0, 21744313.0, 21865578.0, 2.0, 26076311.0, 26020764.0, 25720730.0, 0.0, 8372206.0, 21907717.0, 21827583.0, 2.0, 26557004.0, 25821548.0, 25381497.0, 0.0, 8230046.0, 21661471.0, 21631637.0, 2.0, 26262334.0, 26042144.0, 25403493.0, 0.0, 8368521.0, 21859369.0, 21543844.0, 2.0, 26491604.0, 26127497.0, 25789998.0]
