iterations 10 | time 20 | threads 500 | depth 1500 | governor powersave
Relative amounts of jobs
[12.79033, 12.77992, 12.77992, 12.90491, 12.72784, 12.61327, 11.70711, 11.6967]
Relative amounts of events
[11.81458, 12.88433, 12.96601, 12.21065, 12.66095, 12.93319, 12.23494, 12.29535]
Total amounts of jobs
[1228.0, 1227.0, 1227.0, 1239.0, 1222.0, 1211.0, 1124.0, 1123.0]
Total amounts of events
[87092599.0, 94978397.0, 95580541.0, 90012291.0, 93331697.0, 95338592.0, 90191319.0, 90636645.0]
Events to Jobs
jobs = -1.8196070768696932e-06 * events + 99.47586672170536
r^2 = 0.5792858767804698
Probes to Jobs
jobs = -1.3327272727272723 * probes + 93.94545454545454
r^2 = 0.6494703982061535
All jobs
[98.0, 94.0, 88.0, 87.0, 86.0, 84.0, 83.0, 85.0, 83.0, 84.0, 83.0, 99.0, 92.0, 86.0, 87.0, 88.0, 84.0, 86.0, 85.0, 84.0, 84.0, 84.0, 98.0, 93.0, 87.0, 86.0, 89.0, 87.0, 85.0, 84.0, 83.0, 84.0, 82.0, 104.0, 97.0, 90.0, 88.0, 85.0, 85.0, 83.0, 85.0, 83.0, 83.0, 83.0, 101.0, 95.0, 88.0, 86.0, 87.0, 85.0, 86.0, 84.0, 84.0, 83.0, 84.0, 96.0, 92.0, 87.0, 87.0, 85.0, 85.0, 86.0, 85.0, 83.0, 84.0, 84.0, 103.0, 96.0, 86.0, 87.0, 86.0, 85.0, 84.0, 85.0, 84.0, 85.0, 82.0, 99.0, 93.0, 87.0, 87.0, 86.0, 85.0, 86.0, 85.0, 85.0, 81.0, 83.0, 104.0, 95.0, 90.0, 88.0, 86.0, 84.0, 85.0, 85.0, 85.0, 83.0, 84.0, 102.0, 94.0, 87.0, 86.0, 85.0, 86.0, 85.0, 83.0, 83.0, 84.0, 82.0]
All events
[0.0, 7056038.0, 7638857.0, 8590040.0, 7361274.0, 8303997.0, 7154766.0, 7249882.0, 6830838.0, 6962511.0, 6635327.0, 0.0, 6650884.0, 7390218.0, 8178544.0, 9016000.0, 7415940.0, 7203964.0, 7499524.0, 7069275.0, 7395329.0, 6829923.0, 0.0, 6750842.0, 7670500.0, 7955815.0, 7835241.0, 7124329.0, 7396113.0, 7304193.0, 7049790.0, 6973773.0, 6954292.0, 0.0, 6900292.0, 8022701.0, 7761719.0, 7926502.0, 7880383.0, 7233922.0, 7141167.0, 6922012.0, 6814029.0, 6798084.0, 0.0, 6814449.0, 7293474.0, 8529794.0, 7381243.0, 7573716.0, 7550804.0, 7340938.0, 7016874.0, 6892586.0, 6842615.0, 0.0, 6405756.0, 7935312.0, 8285212.0, 7822160.0, 7230656.0, 7325040.0, 7091590.0, 7053315.0, 6964144.0, 6764448.0, 0.0, 7080679.0, 7697267.0, 7484106.0, 8090904.0, 7425002.0, 7130791.0, 7346422.0, 7347543.0, 6860699.0, 6889802.0, 0.0, 6843264.0, 7876406.0, 8868580.0, 7882753.0, 7904413.0, 7387039.0, 7152885.0, 7073356.0, 6921628.0, 6702980.0, 0.0, 6833313.0, 7514448.0, 8783400.0, 7209561.0, 7154310.0, 7605421.0, 7372025.0, 6926396.0, 6998265.0, 6692490.0, 0.0, 6858450.0, 8123347.0, 9238940.0, 8452704.0, 7402952.0, 7543828.0, 6962361.0, 7132947.0, 6710883.0, 6716565.0]
