iterations 10 | time 20 | threads 500 | depth 1500 | governor powersave
Relative amounts of jobs
[12.98436, 12.65012, 12.63879, 13.26762, 12.66145, 12.4915, 11.55676, 11.74938]
Relative amounts of events
[12.35186, 12.6715, 12.96107, 12.04485, 12.6322, 12.99257, 12.06455, 12.28139]
Total amounts of jobs
[2292.0, 2233.0, 2231.0, 2342.0, 2235.0, 2205.0, 2040.0, 2074.0]
Total amounts of events
[296525775.0, 304199230.0, 311150790.0, 289155469.0, 303255690.0, 311906871.0, 289628488.0, 294833918.0]
Events to Jobs
jobs = -3.852712760005784e-06 * events + 244.55489903237356
r^2 = 0.9289471066683588
Probes to Jobs
jobs = -9.411818181818184 * probes + 207.53181818181818
r^2 = 0.6541679595256014
All jobs
[259.0, 187.0, 187.0, 169.0, 138.0, 134.0, 130.0, 148.0, 131.0, 135.0, 133.0, 255.0, 182.0, 190.0, 162.0, 144.0, 136.0, 133.0, 144.0, 133.0, 133.0, 131.0, 253.0, 195.0, 193.0, 168.0, 141.0, 135.0, 134.0, 139.0, 134.0, 141.0, 132.0, 260.0, 190.0, 194.0, 171.0, 142.0, 134.0, 137.0, 150.0, 139.0, 135.0, 139.0, 256.0, 189.0, 191.0, 166.0, 141.0, 132.0, 133.0, 142.0, 138.0, 133.0, 135.0, 262.0, 185.0, 190.0, 162.0, 144.0, 134.0, 131.0, 143.0, 134.0, 137.0, 137.0, 253.0, 195.0, 197.0, 164.0, 141.0, 138.0, 135.0, 148.0, 143.0, 133.0, 142.0, 250.0, 184.0, 193.0, 169.0, 147.0, 137.0, 130.0, 149.0, 142.0, 135.0, 133.0, 253.0, 190.0, 189.0, 175.0, 141.0, 134.0, 132.0, 144.0, 136.0, 134.0, 136.0, 260.0, 185.0, 194.0, 166.0, 139.0, 135.0, 133.0, 148.0, 138.0, 135.0, 132.0]
All events
[0.0, 8255191.0, 15579311.0, 22465991.0, 26628056.0, 28702793.0, 27916371.0, 27944895.0, 27332310.0, 27573312.0, 27352780.0, 0.0, 8613234.0, 15743925.0, 21941579.0, 26780815.0, 28601951.0, 28261034.0, 27488777.0, 27291867.0, 27937962.0, 27439499.0, 0.0, 8603045.0, 15878467.0, 22386908.0, 26563594.0, 28681824.0, 28000381.0, 27488416.0, 27441403.0, 27660386.0, 27335347.0, 0.0, 8475452.0, 15593841.0, 22303575.0, 26513542.0, 28566001.0, 27927407.0, 27246818.0, 27686799.0, 27719053.0, 27359418.0, 0.0, 8361648.0, 15808780.0, 22327909.0, 26785627.0, 28539541.0, 27981939.0, 27463575.0, 27469212.0, 27584374.0, 27786149.0, 0.0, 8383078.0, 15849010.0, 22290592.0, 26560954.0, 28805904.0, 28228249.0, 27295079.0, 27389538.0, 27725044.0, 27340914.0, 0.0, 8541979.0, 16006237.0, 22171871.0, 26901427.0, 28546028.0, 28383506.0, 27413843.0, 27858576.0, 27158299.0, 27620513.0, 0.0, 8371912.0, 15900167.0, 22524615.0, 26544751.0, 28878039.0, 28031394.0, 27603574.0, 27608220.0, 27526013.0, 27571140.0, 0.0, 8461423.0, 15776589.0, 22395780.0, 26620539.0, 28546591.0, 27698610.0, 27620756.0, 27746646.0, 27502601.0, 27450068.0, 0.0, 8203353.0, 15800505.0, 22375164.0, 26561832.0, 28582366.0, 28383903.0, 27736020.0, 27610547.0, 27443150.0, 27717238.0]
