iterations 10 | time 20 | threads 500 | depth 1500 | governor powersave
Relative amounts of jobs
[8.00344, 11.1172, 11.24237, 9.58379, 9.30214, 9.48208, 9.61117, 8.51588, 7.94085, 7.69441, 7.50665]
Relative amounts of events
[0.0, 4.68544, 8.48956, 10.4815, 11.19135, 11.39015, 11.33769, 11.42868, 10.77311, 10.29772, 9.9248]
Total amounts of jobs
[2046.0, 2842.0, 2874.0, 2450.0, 2378.0, 2424.0, 2457.0, 2177.0, 2030.0, 1967.0, 1919.0]
Total amounts of events
[0.0, 108978310.0, 197458061.0, 243788263.0, 260298715.0, 264922559.0, 263702288.0, 265818586.0, 250570756.0, 239513808.0, 230840115.0]
Events to Jobs
jobs = -2.9054426782695607e-07 * events + 238.54340392346558
r^2 = 0.005332471164248176
Probes to Jobs
jobs = -6.4854545454545445 * probes + 264.8272727272727
r^2 = 0.41697067356708084
Probes to Events
events = 1711949.882727272 * probes + 12584718.413636368
r^2 = 0.45994179125474044
All jobs
[215.0, 288.0, 291.0, 244.0, 240.0, 249.0, 244.0, 219.0, 209.0, 197.0, 189.0, 211.0, 283.0, 286.0, 249.0, 237.0, 237.0, 248.0, 213.0, 203.0, 198.0, 190.0, 196.0, 284.0, 288.0, 251.0, 243.0, 247.0, 248.0, 220.0, 198.0, 194.0, 193.0, 199.0, 283.0, 282.0, 243.0, 233.0, 238.0, 243.0, 220.0, 206.0, 196.0, 193.0, 208.0, 285.0, 283.0, 246.0, 237.0, 247.0, 247.0, 218.0, 197.0, 199.0, 193.0, 210.0, 289.0, 290.0, 237.0, 240.0, 241.0, 246.0, 218.0, 201.0, 197.0, 192.0, 193.0, 290.0, 291.0, 252.0, 234.0, 244.0, 247.0, 221.0, 204.0, 188.0, 188.0, 201.0, 278.0, 290.0, 242.0, 239.0, 238.0, 245.0, 214.0, 205.0, 198.0, 197.0, 208.0, 283.0, 289.0, 244.0, 239.0, 239.0, 243.0, 220.0, 203.0, 202.0, 192.0, 205.0, 279.0, 284.0, 242.0, 236.0, 244.0, 246.0, 214.0, 204.0, 198.0, 192.0]
All events
[0.0, 10859555.0, 19710164.0, 24434749.0, 25899227.0, 26480400.0, 26346677.0, 26718488.0, 25012455.0, 24097646.0, 23053950.0, 0.0, 10832478.0, 19767184.0, 24247853.0, 26065810.0, 26368708.0, 26505710.0, 26706653.0, 24907661.0, 23947865.0, 23092089.0, 0.0, 10947670.0, 19495292.0, 24301774.0, 26278430.0, 26425103.0, 26149958.0, 26618114.0, 24919200.0, 24178690.0, 22881828.0, 0.0, 11007678.0, 19644273.0, 24427297.0, 25939005.0, 26345174.0, 26169128.0, 26250240.0, 24834951.0, 23897486.0, 23041239.0, 0.0, 10899184.0, 19828898.0, 24497872.0, 25893280.0, 26598284.0, 26613633.0, 26520149.0, 25263824.0, 23885344.0, 23033618.0, 0.0, 10898756.0, 19751800.0, 24363237.0, 26073951.0, 26457169.0, 26343985.0, 26696066.0, 24972066.0, 23953017.0, 22989812.0, 0.0, 10891489.0, 19724809.0, 24419628.0, 26176900.0, 26487939.0, 26430494.0, 26413087.0, 25115407.0, 23951748.0, 23069716.0, 0.0, 10868715.0, 19752815.0, 24269702.0, 25832622.0, 26594248.0, 26394808.0, 26636599.0, 25082222.0, 23771243.0, 23252264.0, 0.0, 10951262.0, 19912460.0, 24418528.0, 26121836.0, 26563277.0, 26241539.0, 26482461.0, 25273514.0, 23954869.0, 23171217.0, 0.0, 10821523.0, 19870366.0, 24407623.0, 26017654.0, 26602257.0, 26506356.0, 26776729.0, 25189456.0, 23875900.0, 23254382.0]
