iterations 10 | time 20 | threads 500 | depth 1500 | governor powersave
Relative amounts of jobs
[12.91327, 12.53963, 12.72645, 13.10009, 12.68682, 12.64153, 11.68478, 11.70743]
Relative amounts of events
[12.36828, 12.64772, 12.89099, 12.09468, 12.63738, 13.0213, 12.10009, 12.23956]
Total amounts of jobs
[2281.0, 2215.0, 2248.0, 2314.0, 2241.0, 2233.0, 2064.0, 2068.0]
Total amounts of events
[296698240.0, 303401698.0, 309237415.0, 290135052.0, 303153722.0, 312363442.0, 290264900.0, 293610498.0]
Events to Jobs
jobs = -3.836293372684858e-06 * events + 244.24317977152708
r^2 = 0.9315052884963791
Probes to Jobs
jobs = -9.483636363636363 * probes + 208.0
r^2 = 0.673415243826825
All jobs
[257.0, 185.0, 203.0, 168.0, 141.0, 136.0, 135.0, 145.0, 137.0, 138.0, 133.0, 251.0, 193.0, 192.0, 165.0, 142.0, 132.0, 133.0, 147.0, 136.0, 134.0, 135.0, 255.0, 190.0, 196.0, 170.0, 144.0, 132.0, 132.0, 149.0, 141.0, 140.0, 132.0, 254.0, 185.0, 194.0, 170.0, 142.0, 137.0, 136.0, 143.0, 135.0, 133.0, 135.0, 254.0, 192.0, 194.0, 174.0, 141.0, 135.0, 130.0, 149.0, 142.0, 136.0, 133.0, 254.0, 188.0, 193.0, 166.0, 140.0, 139.0, 136.0, 142.0, 141.0, 131.0, 132.0, 257.0, 186.0, 188.0, 166.0, 147.0, 136.0, 133.0, 140.0, 135.0, 131.0, 135.0, 255.0, 189.0, 194.0, 164.0, 138.0, 141.0, 133.0, 146.0, 135.0, 133.0, 133.0, 255.0, 189.0, 198.0, 170.0, 141.0, 137.0, 132.0, 142.0, 135.0, 137.0, 133.0, 251.0, 189.0, 190.0, 161.0, 141.0, 137.0, 136.0, 143.0, 138.0, 137.0, 132.0]
All events
[0.0, 8227063.0, 15557678.0, 22516420.0, 26463523.0, 28522371.0, 28263235.0, 27194646.0, 27284722.0, 27273031.0, 27439234.0, 0.0, 8573090.0, 15935304.0, 22343574.0, 26730437.0, 28793768.0, 27769565.0, 27478826.0, 27634318.0, 27548813.0, 27641259.0, 0.0, 8449874.0, 15922197.0, 22354882.0, 26564960.0, 28516612.0, 28009065.0, 27577494.0, 27638825.0, 27852650.0, 27523197.0, 0.0, 8434445.0, 15858427.0, 22422983.0, 26678901.0, 28822828.0, 27719542.0, 27577355.0, 27822930.0, 27197827.0, 27587820.0, 0.0, 8404212.0, 15757625.0, 22408970.0, 26705709.0, 28229472.0, 27889300.0, 27434393.0, 27515572.0, 27427894.0, 27152867.0, 0.0, 8432058.0, 15715622.0, 21964503.0, 26767721.0, 28647107.0, 28054617.0, 27462074.0, 27528914.0, 27662350.0, 27827788.0, 0.0, 8363945.0, 15931592.0, 22125884.0, 26723701.0, 28708655.0, 27911940.0, 27489066.0, 27839257.0, 27412743.0, 27642034.0, 0.0, 8411880.0, 15709910.0, 22370813.0, 26595843.0, 28539220.0, 27928755.0, 27483705.0, 27758629.0, 27518403.0, 27424615.0, 0.0, 8487772.0, 15779221.0, 22479855.0, 26757084.0, 28576939.0, 27890799.0, 27226709.0, 27682250.0, 27673123.0, 27292040.0, 0.0, 8503858.0, 15722550.0, 22279089.0, 26655576.0, 28831881.0, 27935541.0, 27260904.0, 27634043.0, 27655296.0, 27937388.0]
