iterations 10 | time 20 | threads 500 | depth 1500 | governor X
Relative amounts of jobs
[15.04048, 11.8023, 11.63187, 15.25352, 11.8023, 11.93012, 11.29101, 11.2484]
Relative amounts of events
[12.24084, 13.23233, 12.81003, 11.93372, 12.64444, 13.15249, 11.98565, 12.0005]
Total amounts of jobs
[353.0, 277.0, 273.0, 358.0, 277.0, 280.0, 265.0, 264.0]
Total amounts of events
[17328722.0, 18732330.0, 18134502.0, 16893958.0, 17900089.0, 18619302.0, 16967461.0, 16988489.0]
Events to Jobs
jobs = -2.7230127363769693e-05 * events + 56.380263431121215
r^2 = 0.5762968966471649
Probes to Jobs
jobs = -4.774545454545453 * probes + 45.209090909090904
r^2 = 0.4255740933283614
All jobs
[93.0, 19.0, 22.0, 19.0, 15.0, 13.0, 12.0, 12.0, 10.0, 8.0, 7.0, 91.0, 17.0, 22.0, 19.0, 18.0, 12.0, 13.0, 11.0, 10.0, 9.0, 9.0, 93.0, 19.0, 24.0, 21.0, 15.0, 14.0, 12.0, 11.0, 10.0, 9.0, 8.0, 92.0, 19.0, 26.0, 19.0, 16.0, 14.0, 13.0, 12.0, 9.0, 9.0, 8.0, 93.0, 19.0, 23.0, 19.0, 17.0, 12.0, 11.0, 12.0, 9.0, 9.0, 9.0, 94.0, 22.0, 24.0, 20.0, 16.0, 14.0, 12.0, 10.0, 10.0, 9.0, 9.0, 92.0, 19.0, 21.0, 18.0, 15.0, 14.0, 11.0, 11.0, 10.0, 10.0, 8.0, 94.0, 20.0, 24.0, 17.0, 15.0, 14.0, 12.0, 12.0, 10.0, 10.0, 8.0, 95.0, 20.0, 23.0, 19.0, 18.0, 14.0, 12.0, 10.0, 10.0, 11.0, 7.0, 93.0, 21.0, 25.0, 18.0, 14.0, 13.0, 13.0, 13.0, 9.0, 9.0, 8.0]
All events
[0.0, 562949.0, 684282.0, 989409.0, 1190352.0, 1360377.0, 1524445.0, 1850414.0, 1875244.0, 1896511.0, 1785611.0, 0.0, 534243.0, 715168.0, 993551.0, 1298429.0, 1343717.0, 1656073.0, 1693215.0, 1855789.0, 1959200.0, 2236095.0, 0.0, 541003.0, 726685.0, 1065994.0, 1194834.0, 1384408.0, 1561913.0, 1687155.0, 1875910.0, 1962323.0, 2104179.0, 0.0, 539446.0, 726726.0, 974295.0, 1302427.0, 1420108.0, 1663206.0, 1847873.0, 1652920.0, 2010715.0, 1978379.0, 0.0, 533773.0, 719102.0, 982997.0, 1252722.0, 1324635.0, 1483475.0, 1905279.0, 1718020.0, 2121281.0, 2337911.0, 0.0, 490332.0, 712328.0, 1021298.0, 1204163.0, 1444157.0, 1600735.0, 1632141.0, 1827778.0, 2001915.0, 2270467.0, 0.0, 511549.0, 724686.0, 986618.0, 1198553.0, 1422098.0, 1469922.0, 1813962.0, 1862192.0, 2156670.0, 2027135.0, 0.0, 529138.0, 717730.0, 897454.0, 1156938.0, 1403347.0, 1505431.0, 1960438.0, 1918487.0, 2195575.0, 2028098.0, 0.0, 540529.0, 709241.0, 965014.0, 1268184.0, 1438108.0, 1555683.0, 1587610.0, 1933899.0, 2404727.0, 1792157.0, 0.0, 525474.0, 724561.0, 985344.0, 1106803.0, 1384780.0, 1674297.0, 1954689.0, 1711141.0, 2011992.0, 1994517.0]
