iterations 10 | time 20 | threads 500 | depth 1500 | governor powersave
Relative amounts of jobs
[14.67023, 13.49908, 11.99918, 11.74235, 11.45469, 12.74913, 11.81426, 12.07109]
Relative amounts of events
[13.07227, 14.74589, 12.18568, 13.05076, 13.63031, 10.03387, 11.1548, 12.12642]
Total amounts of jobs
[1428.0, 1314.0, 1168.0, 1143.0, 1115.0, 1241.0, 1150.0, 1175.0]
Total amounts of events
[95600850.0, 107840486.0, 89116981.0, 95443509.0, 99681966.0, 73380286.0, 81577866.0, 88683602.0]
Events to Jobs
jobs = -4.122988943528433e-06 * events + 254.9849428055579
r^2 = 0.8613849842488532
Probes to Jobs
jobs = -27.549999999999997 * probes + 249.78
r^2 = 0.8387983981766196
All jobs
[271.0, 195.0, 197.0, 179.0, 142.0, 272.0, 191.0, 199.0, 174.0, 145.0, 269.0, 190.0, 198.0, 171.0, 140.0, 270.0, 194.0, 199.0, 171.0, 142.0, 271.0, 192.0, 194.0, 174.0, 142.0, 269.0, 189.0, 197.0, 175.0, 141.0, 271.0, 197.0, 199.0, 170.0, 146.0, 269.0, 187.0, 191.0, 165.0, 141.0, 271.0, 191.0, 196.0, 166.0, 142.0, 274.0, 189.0, 194.0, 177.0, 145.0]
All events
[0.0, 8265265.0, 15624735.0, 22297589.0, 26605577.0, 0.0, 8463980.0, 15737275.0, 22409849.0, 26610646.0, 0.0, 8267048.0, 15812320.0, 22482647.0, 26558075.0, 0.0, 8462214.0, 15720087.0, 22387408.0, 26711737.0, 0.0, 8398208.0, 15617976.0, 22390900.0, 26675506.0, 0.0, 8493522.0, 15781602.0, 22230923.0, 26722968.0, 0.0, 8217869.0, 15823893.0, 22108222.0, 26768509.0, 0.0, 8446822.0, 15776463.0, 22508611.0, 26588871.0, 0.0, 8382471.0, 15842807.0, 22385533.0, 26586324.0, 0.0, 8429224.0, 15748687.0, 22229388.0, 26753795.0]
